0.48073	0.51927
0.56869	0.43131
0.40097	0.59903
0.21032	0.78968
0.26702	0.73298
0.33857	0.66143
0.35733	0.64267
0.63486	0.36514
0.46227	0.53773
0.51755	0.48245
0.53792	0.46208
0.44451	0.55549
0.42981	0.57019
0.36079	0.63921
0.47832	0.52168
0.5258	0.4742
0.57837	0.42163
0.46879	0.53121
0.50181	0.49819
0.4476	0.5524
0.48678	0.51322
0.52485	0.47515
0.45159	0.54841
0.45118	0.54882
0.39424	0.60576
0.49269	0.50731
0.5608	0.4392
0.41389	0.58611
0.54019	0.45981
0.54429	0.45571
0.49885	0.50115
0.49458	0.50542
0.50609	0.49391
0.47359	0.52641
0.5135	0.4865
0.61072	0.38928
0.49843	0.50157
0.5206	0.4794
0.48387	0.51613
0.53407	0.46593
0.62155	0.37845
0.5403	0.4597
0.4398	0.5602
0.50658	0.49342
0.46428	0.53572
0.48318	0.51682
0.58839	0.41161
0.43741	0.56259
0.57632	0.42368
0.51931	0.48069
0.48006	0.51994
0.51837	0.48163
0.55352	0.44648
0.30422	0.69578
0.25898	0.74102
0.30089	0.69911
0.33273	0.66727
0.36288	0.63712
0.25365	0.74635
0.29151	0.70849
0.27642	0.72358
0.29429	0.70571
0.31847	0.68153
0.26907	0.73093
0.34001	0.65999
0.32133	0.67867
0.27638	0.72362
0.3138	0.6862
0.34921	0.65079
0.34966	0.65034
0.33341	0.66659
0.29675	0.70325
0.269	0.731
0.31121	0.68879
0.27669	0.72331
0.2834	0.7166
0.34624	0.65376
0.37235	0.62765
0.32979	0.67021
0.40266	0.59734
0.22354	0.77646
0.30113	0.69887
0.30476	0.69524
0.37766	0.62234
0.38073	0.61927
0.46212	0.53788
0.54173	0.45827
0.48323	0.51677
0.51781	0.48219
0.5205	0.4795
0.45473	0.54527
0.4499	0.5501
0.57006	0.42994
0.47156	0.52844
0.45737	0.54263
0.50217	0.49783
0.4796	0.5204
0.52837	0.47163
0.55975	0.44025
0.48948	0.51052
0.32506	0.67494
0.28381	0.71619
0.32771	0.67229
0.33212	0.66788
0.30913	0.69087
0.19863	0.80137
0.35115	0.64885
0.12542	0.87458
0.30547	0.69453
0.22243	0.77757
0.28224	0.71776
0.36993	0.63007
0.27433	0.72567
0.39586	0.60414
0.33892	0.66108
0.28768	0.71232
0.25482	0.74518
0.2752	0.7248
0.31872	0.68128
0.18147	0.81853
0.33075	0.66925
0.31397	0.68603
0.34094	0.65906
0.40238	0.59762
0.28381	0.71619
0.25097	0.74903
0.35898	0.64102
0.34473	0.65527
0.29285	0.70715
0.27033	0.72967
0.31245	0.68755
0.24351	0.75649
0.3033	0.6967
0.2681	0.7319
0.25903	0.74097
0.3484	0.6516
0.30152	0.69848
0.36755	0.63245
0.24568	0.75432
0.31201	0.68799
0.24769	0.75231
0.33094	0.66906
0.36525	0.63475
0.35117	0.64883
0.19423	0.80577
0.33409	0.66591
0.30044	0.69956
0.31671	0.68329
0.27263	0.72737
0.21745	0.78255
0.34464	0.65536
0.27465	0.72535
0.28351	0.71649
0.30842	0.69158
0.42684	0.57316
0.41468	0.58532
0.23407	0.76593
0.27629	0.72371
0.34937	0.65063
0.19635	0.80365
0.3622	0.6378
0.28424	0.71576
0.36996	0.63004
0.25601	0.74399
0.25388	0.74612
0.41572	0.58428
0.3294	0.6706
0.28451	0.71549
0.24835	0.75165
0.35517	0.64483
0.31711	0.68289
0.1868	0.8132
0.25484	0.74516
0.4485	0.5515
0.29941	0.70059
0.20002	0.79998
0.2556	0.7444
0.279	0.721
0.33473	0.66527
0.29186	0.70814
0.30508	0.69492
0.29911	0.70089
0.25198	0.74802
0.35864	0.64136
0.28174	0.71826
0.27683	0.72317
0.30975	0.69025
0.29665	0.70335
0.27392	0.72608
0.30635	0.69365
0.40565	0.59435
0.32706	0.67294
0.26725	0.73275
0.25652	0.74348
0.28806	0.71194
0.2212	0.7788
0.39129	0.60871
0.38586	0.61414
0.61904	0.38096
0.33809	0.66191
0.31021	0.68979
0.42778	0.57222
0.47812	0.52188
0.50575	0.49425
0.51625	0.48375
0.59411	0.40589
0.46829	0.53171
0.4492	0.5508
0.48835	0.51165
0.51769	0.48231
0.52339	0.47661
0.47717	0.52283
0.53967	0.46033
0.47073	0.52927
0.39746	0.60254
0.45443	0.54557
0.51149	0.48851
0.45961	0.54039
0.46015	0.53985
0.49244	0.50756
0.43416	0.56584
0.46214	0.53786
0.48523	0.51477
0.64911	0.35089
0.52216	0.47784
0.49244	0.50756
0.44989	0.55011
0.55702	0.44298
0.4887	0.5113
0.47013	0.52987
0.47422	0.52578
0.50374	0.49626
0.56283	0.43717
0.58657	0.41343
0.52253	0.47747
0.60834	0.39166
0.43387	0.56613
0.46758	0.53242
0.55495	0.44505
0.54257	0.45743
0.52276	0.47724
0.46816	0.53184
0.51042	0.48958
0.52219	0.47781
0.59266	0.40734
0.60359	0.39641
0.47994	0.52006
0.4872	0.5128
0.50417	0.49583
0.50091	0.49909
0.36318	0.63682
0.43556	0.56444
0.47536	0.52464
0.3975	0.6025
0.51692	0.48308
0.48116	0.51884
0.50933	0.49067
0.47907	0.52093
0.55782	0.44218
0.51248	0.48752
0.52258	0.47742
0.40941	0.59059
0.49966	0.50034
0.47739	0.52261
0.50873	0.49127
0.44605	0.55395
0.41171	0.58829
0.50715	0.49285
0.29945	0.70055
0.24183	0.75817
0.30603	0.69397
0.44123	0.55877
0.48697	0.51303
0.52061	0.47939
0.60803	0.39197
0.47807	0.52193
0.46284	0.53716
0.22782	0.77218
0.32912	0.67088
0.29093	0.70907
0.3021	0.6979
0.31809	0.68191
0.34269	0.65731
0.25951	0.74049
0.22665	0.77335
0.29481	0.70519
0.25885	0.74115
0.32125	0.67875
0.20727	0.79273
0.34293	0.65707
0.31532	0.68468
0.24442	0.75558
0.28414	0.71586
0.34189	0.65811
0.42132	0.57868
0.28245	0.71755
0.3691	0.6309
0.25697	0.74303
0.31034	0.68966
0.28963	0.71037
0.31701	0.68299
0.27509	0.72491
0.22893	0.77107
0.28646	0.71354
0.32198	0.67802
0.27469	0.72531
0.29078	0.70922
0.3201	0.6799
0.32696	0.67304
0.26332	0.73668
0.28658	0.71342
0.34353	0.65647
0.31654	0.68346
0.23261	0.76739
0.37739	0.62261
0.26917	0.73083
0.26507	0.73493
0.22882	0.77118
0.29452	0.70548
0.29486	0.70514
0.28386	0.71614
0.25802	0.74198
0.21697	0.78303
0.41103	0.58897
0.47518	0.52482
0.53922	0.46078
0.53773	0.46227
0.53841	0.46159
0.49597	0.50403
0.50382	0.49618
0.65735	0.34265
0.45038	0.54962
0.43933	0.56067
0.5576	0.4424
0.48126	0.51874
0.49361	0.50639
0.51037	0.48963
0.49373	0.50627
0.47617	0.52383
0.42163	0.57837
0.37197	0.62803
0.44877	0.55123
0.45335	0.54665
0.50027	0.49973
0.48174	0.51826
0.48412	0.51588
0.56457	0.43543
0.60369	0.39631
0.53698	0.46302
0.39966	0.60034
0.54836	0.45164
0.47774	0.52226
0.43234	0.56766
0.51678	0.48322
0.52007	0.47993
0.51484	0.48516
0.42028	0.57972
0.55064	0.44936
0.49433	0.50567
0.32006	0.67994
0.45062	0.54938
0.37504	0.62496
0.28205	0.71795
0.29426	0.70574
0.31795	0.68205
0.29939	0.70061
0.27148	0.72852
0.3467	0.6533
0.24308	0.75692
0.39786	0.60214
0.21184	0.78816
0.28383	0.71617
0.34363	0.65637
0.3059	0.6941
0.22485	0.77515
0.34609	0.65391
0.30816	0.69184
0.25927	0.74073
0.32019	0.67981
0.33781	0.66219
0.40922	0.59078
0.29531	0.70469
0.28529	0.71471
0.27476	0.72524
0.20365	0.79635
0.32607	0.67393
0.19728	0.80272
0.28651	0.71349
0.28625	0.71375
0.34226	0.65774
0.16144	0.83856
0.3459	0.6541
0.27404	0.72596
0.23535	0.76465
0.29956	0.70044
0.31167	0.68833
0.27879	0.72121
0.22653	0.77347
0.36032	0.63968
0.30987	0.69013
0.26466	0.73534
0.36082	0.63918
0.31836	0.68164
0.23662	0.76338
0.33105	0.66895
0.21023	0.78977
0.24711	0.75289
0.30758	0.69242
0.32056	0.67944
0.30352	0.69648
0.20335	0.79665
0.34094	0.65906
0.36309	0.63691
0.35837	0.64163
0.27148	0.72852
0.28031	0.71969
0.24913	0.75087
0.31251	0.68749
0.31261	0.68739
0.26143	0.73857
0.34598	0.65402
0.34261	0.65739
0.33286	0.66714
0.26233	0.73767
0.23307	0.76693
0.33261	0.66739
0.37236	0.62764
0.23549	0.76451
0.18959	0.81041
0.37181	0.62819
0.29692	0.70308
0.35889	0.64111
0.34928	0.65072
0.23907	0.76093
0.27841	0.72159
0.25825	0.74175
0.30898	0.69102
0.35832	0.64168
0.3028	0.6972
0.195	0.805
0.36176	0.63824
0.30013	0.69987
0.27702	0.72298
0.19484	0.80516
0.3187	0.6813
0.31226	0.68774
0.31693	0.68307
0.2461	0.7539
0.26349	0.73651
0.25418	0.74582
0.38938	0.61062
0.25898	0.74102
0.29016	0.70984
0.25549	0.74451
0.34554	0.65446
0.29939	0.70061
0.30364	0.69636
0.34697	0.65303
0.33376	0.66624
0.3393	0.6607
0.19336	0.80664
0.311	0.689
0.34831	0.65169
0.3175	0.6825
0.34509	0.65491
0.40606	0.59394
0.36243	0.63757
0.24384	0.75616
0.2585	0.7415
0.29391	0.70609
0.26787	0.73213
0.29605	0.70395
0.36141	0.63859
0.27343	0.72657
0.28569	0.71431
0.28862	0.71138
0.33373	0.66627
0.35184	0.64816
0.29253	0.70747
0.28415	0.71585
0.34668	0.65332
0.33616	0.66384
0.32441	0.67559
0.46331	0.53669
0.30159	0.69841
0.31706	0.68294
0.29582	0.70418
0.33082	0.66918
0.27375	0.72625
0.35039	0.64961
0.39146	0.60854
0.30426	0.69574
0.29658	0.70342
0.27183	0.72817
0.27632	0.72368
0.21482	0.78518
0.29731	0.70269
0.25593	0.74407
0.36279	0.63721
0.30779	0.69221
0.30275	0.69725
0.36993	0.63007
0.21122	0.78878
0.31648	0.68352
0.2471	0.7529
0.26783	0.73217
0.31292	0.68708
0.34458	0.65542
0.25817	0.74183
0.32766	0.67234
0.37292	0.62708
0.25725	0.74275
0.25039	0.74961
0.29942	0.70058
0.33135	0.66865
0.30007	0.69993
0.25918	0.74082
0.30576	0.69424
0.31035	0.68965
0.27777	0.72223
0.24398	0.75602
0.32177	0.67823
0.30085	0.69915
0.28185	0.71815
0.26844	0.73156
0.27498	0.72502
0.25664	0.74336
0.248	0.752
0.36327	0.63673
0.28793	0.71207
0.21355	0.78645
0.41272	0.58728
0.45087	0.54913
0.53926	0.46074
0.44403	0.55597
0.51573	0.48427
0.52281	0.47719
0.39071	0.60929
0.38474	0.61526
0.45368	0.54632
0.53556	0.46444
0.57614	0.42386
0.49638	0.50362
0.49877	0.50123
0.50166	0.49834
0.48144	0.51856
0.48335	0.51665
0.47811	0.52189
0.57946	0.42054
0.41579	0.58421
0.52446	0.47554
0.51182	0.48818
0.52087	0.47913
0.47009	0.52991
0.5042	0.4958
0.55291	0.44709
0.50096	0.49904
0.45505	0.54495
0.39012	0.60988
0.52493	0.47507
0.5662	0.4338
0.50268	0.49732
0.48972	0.51028
0.54076	0.45924
0.57865	0.42135
0.51249	0.48751
0.39133	0.60867
0.53932	0.46068
0.5212	0.4788
0.49692	0.50308
0.47155	0.52845
0.49728	0.50272
0.54141	0.45859
0.47406	0.52594
0.56276	0.43724
0.5561	0.4439
0.50144	0.49856
0.51696	0.48304
0.51148	0.48852
0.52677	0.47323
0.43524	0.56476
0.48013	0.51987
0.53896	0.46104
0.42799	0.57201
0.48075	0.51925
0.55166	0.44834
0.50636	0.49364
0.49423	0.50577
0.55673	0.44327
0.4078	0.5922
0.5541	0.4459
0.45146	0.54854
0.56257	0.43743
0.27559	0.72441
0.35302	0.64698
0.27309	0.72691
0.38887	0.61113
0.26102	0.73898
0.26235	0.73765
0.24834	0.75166
0.35819	0.64181
0.27099	0.72901
0.33273	0.66727
0.54831	0.45169
0.49044	0.50956
0.53277	0.46723
0.48834	0.51166
0.568	0.432
0.47642	0.52358
0.44593	0.55407
0.51183	0.48817
0.47734	0.52266
0.43969	0.56031
0.44844	0.55156
0.46475	0.53525
0.48074	0.51926
0.51184	0.48816
0.51022	0.48978
0.49638	0.50362
0.39989	0.60011
0.53611	0.46389
0.47318	0.52682
0.48665	0.51335
0.42783	0.57217
0.54819	0.45181
0.4729	0.5271
0.32087	0.67913
0.21759	0.78241
0.27137	0.72863
0.33296	0.66704
0.23598	0.76402
0.30251	0.69749
0.32742	0.67258
0.38892	0.61108
0.33205	0.66795
0.34734	0.65266
0.28229	0.71771
0.27106	0.72894
0.30282	0.69718
0.25533	0.74467
0.3561	0.6439
0.33879	0.66121
0.34812	0.65188
0.36304	0.63696
0.2946	0.7054
0.27114	0.72886
0.32628	0.67372
0.3576	0.6424
0.34292	0.65708
0.34728	0.65272
0.37531	0.62469
0.31477	0.68523
0.3602	0.6398
0.29941	0.70059
0.33948	0.66052
0.22982	0.77018
0.37711	0.62289
0.21125	0.78875
0.31028	0.68972
0.28269	0.71731
0.24205	0.75795
0.31679	0.68321
0.31661	0.68339
0.37056	0.62944
0.30684	0.69316
0.32888	0.67112
0.31215	0.68785
0.37338	0.62662
0.35653	0.64347
0.30053	0.69947
0.30622	0.69378
0.38897	0.61103
0.28803	0.71197
0.3429	0.6571
0.25608	0.74392
0.2619	0.7381
0.34314	0.65686
0.33242	0.66758
0.3529	0.6471
0.26834	0.73166
0.3509	0.6491
0.3086	0.6914
0.29763	0.70237
0.38446	0.61554
0.37185	0.62815
0.18745	0.81255
0.31782	0.68218
0.25749	0.74251
0.28502	0.71498
0.26829	0.73171
0.38122	0.61878
0.36205	0.63795
0.32776	0.67224
0.33517	0.66483
0.32291	0.67709
0.3342	0.6658
0.31256	0.68744
0.29107	0.70893
0.32539	0.67461
0.28451	0.71549
0.28028	0.71972
0.28651	0.71349
0.29559	0.70441
0.3004	0.6996
0.42659	0.57341
0.23884	0.76116
0.24641	0.75359
0.3123	0.6877
0.29747	0.70253
0.26349	0.73651
0.31635	0.68365
0.33765	0.66235
0.24231	0.75769
0.27961	0.72039
0.2356	0.7644
0.30418	0.69582
0.30819	0.69181
0.33413	0.66587
0.24568	0.75432
0.31487	0.68513
0.29283	0.70717
0.3696	0.6304
0.31534	0.68466
0.27314	0.72686
0.28855	0.71145
0.27319	0.72681
0.37195	0.62805
0.27445	0.72555
0.21966	0.78034
0.28994	0.71006
0.35718	0.64282
0.33316	0.66684
0.3082	0.6918
0.38927	0.61073
0.27061	0.72939
0.31295	0.68705
0.25641	0.74359
0.2606	0.7394
0.28278	0.71722
0.33238	0.66762
0.40271	0.59729
0.33995	0.66005
0.24645	0.75355
0.28974	0.71026
0.27228	0.72772
0.28535	0.71465
0.35901	0.64099
0.31887	0.68113
0.34958	0.65042
0.33017	0.66983
0.26036	0.73964
0.34654	0.65346
0.23248	0.76752
0.33999	0.66001
0.32998	0.67002
0.35502	0.64498
0.22901	0.77099
0.28982	0.71018
0.3009	0.6991
0.30502	0.69498
0.34382	0.65618
0.33503	0.66497
0.3326	0.6674
0.30893	0.69107
0.3838	0.6162
0.28375	0.71625
0.30506	0.69494
0.27117	0.72883
0.29692	0.70308
0.33628	0.66372
0.23863	0.76137
0.30955	0.69045
0.26326	0.73674
0.33942	0.66058
0.20173	0.79827
0.20222	0.79778
0.38121	0.61879
0.29253	0.70747
0.20159	0.79841
0.21569	0.78431
0.29565	0.70435
0.31537	0.68463
0.31688	0.68312
0.35335	0.64665
0.31665	0.68335
0.29633	0.70367
0.35239	0.64761
0.40294	0.59706
0.30133	0.69867
0.28797	0.71203
0.35192	0.64808
0.27464	0.72536
0.22585	0.77415
0.29468	0.70532
0.50684	0.49316
0.50607	0.49393
0.53256	0.46744
0.45426	0.54574
0.46528	0.53472
0.50095	0.49905
0.48711	0.51289
0.40922	0.59078
0.45686	0.54314
0.45163	0.54837
0.62092	0.37908
0.48199	0.51801
0.44208	0.55792
0.48594	0.51406
0.55236	0.44764
0.45589	0.54411
0.44464	0.55536
0.52576	0.47424
0.45041	0.54959
0.31851	0.68149
0.31226	0.68774
0.30729	0.69271
0.2441	0.7559
0.27015	0.72985
0.26603	0.73397
0.34775	0.65225
0.29346	0.70654
0.33247	0.66753
0.32993	0.67007
0.29037	0.70963
0.36703	0.63297
0.50435	0.49565
0.55476	0.44524
0.47906	0.52094
0.56076	0.43924
0.47953	0.52047
0.42474	0.57526
0.478	0.522
0.52544	0.47456
0.40673	0.59327
0.46192	0.53808
0.49218	0.50782
0.49601	0.50399
0.48705	0.51295
0.49162	0.50838
0.4046	0.5954
0.20096	0.79904
0.31815	0.68185
0.3352	0.6648
0.26237	0.73763
0.29915	0.70085
0.27792	0.72208
0.38507	0.61493
0.29847	0.70153
0.3102	0.6898
0.24761	0.75239
0.26323	0.73677
0.23217	0.76783
0.33643	0.66357
0.33036	0.66964
0.25859	0.74141
0.44438	0.55562
0.34596	0.65404
0.32029	0.67971
0.39581	0.60419
0.17722	0.82278
0.33859	0.66141
0.42297	0.57703
0.40303	0.59697
0.51501	0.48499
0.58365	0.41635
0.50171	0.49829
0.40725	0.59275
0.29545	0.70455
0.29877	0.70123
0.31	0.69
0.24808	0.75192
0.32647	0.67353
0.18914	0.81086
0.30537	0.69463
0.32195	0.67805
0.29795	0.70205
0.31822	0.68178
0.26182	0.73818
0.32748	0.67252
0.28127	0.71873
0.21704	0.78296
0.28449	0.71551
0.269	0.731
0.24877	0.75123
0.32525	0.67475
0.26795	0.73205
0.51836	0.48164
0.45175	0.54825
0.43226	0.56774
0.47347	0.52653
0.47678	0.52322
0.4201	0.5799
0.4496	0.5504
0.5129	0.4871
0.47331	0.52669
0.46575	0.53425
0.52117	0.47883
0.48474	0.51526
0.49884	0.50116
0.45406	0.54594
0.37736	0.62264
0.40587	0.59413
0.53234	0.46766
0.54443	0.45557
0.53165	0.46835
0.41549	0.58451
0.39551	0.60449
0.6127	0.3873
0.47376	0.52624
0.65892	0.34108
0.52572	0.47428
0.60317	0.39683
0.48656	0.51344
0.51006	0.48994
0.5016	0.4984
0.48654	0.51346
0.55775	0.44225
0.4883	0.5117
0.48406	0.51594
0.53709	0.46291
0.4865	0.5135
0.39384	0.60616
0.41124	0.58876
0.30202	0.69798
0.28726	0.71274
0.27261	0.72739
0.38383	0.61617
0.35865	0.64135
0.29055	0.70945
0.30433	0.69567
0.37563	0.62437
0.38966	0.61034
0.35513	0.64487
0.28371	0.71629
0.27086	0.72914
0.33758	0.66242
0.25681	0.74319
0.24646	0.75354
0.28224	0.71776
0.34779	0.65221
0.30796	0.69204
0.31225	0.68775
0.35624	0.64376
0.31173	0.68827
0.24307	0.75693
0.3421	0.6579
0.32382	0.67618
0.29558	0.70442
0.27935	0.72065
0.27277	0.72723
0.2988	0.7012
0.25997	0.74003
0.27439	0.72561
0.22567	0.77433
0.27407	0.72593
0.26534	0.73466
0.32638	0.67362
0.44615	0.55385
0.50635	0.49365
0.44082	0.55918
0.52311	0.47689
0.42675	0.57325
0.55924	0.44076
0.51939	0.48061
0.54031	0.45969
0.45266	0.54734
0.48226	0.51774
0.53599	0.46401
0.51525	0.48475
0.47566	0.52434
0.54225	0.45775
0.52721	0.47279
0.51385	0.48615
0.42445	0.57555
0.51472	0.48528
0.55451	0.44549
0.53804	0.46196
0.46482	0.53518
0.36803	0.63197
0.32888	0.67112
0.37275	0.62725
0.35177	0.64823
0.35234	0.64766
0.33381	0.66619
0.32733	0.67267
0.3375	0.6625
0.26351	0.73649
0.34166	0.65834
0.24007	0.75993
0.33094	0.66906
0.25838	0.74162
0.25148	0.74852
0.27732	0.72268
0.23486	0.76514
0.3008	0.6992
0.35553	0.64447
0.28753	0.71247
0.32479	0.67521
0.3081	0.6919
0.36059	0.63941
0.29208	0.70792
0.31465	0.68535
0.42339	0.57661
0.35731	0.64269
0.25331	0.74669
0.35599	0.64401
0.25379	0.74621
0.3005	0.6995
0.31447	0.68553
0.3435	0.6565
0.28014	0.71986
0.32689	0.67311
0.38849	0.61151
0.20473	0.79527
0.24616	0.75384
0.35975	0.64025
0.2853	0.7147
0.29809	0.70191
0.3462	0.6538
0.41115	0.58885
0.23491	0.76509
0.25455	0.74545
0.29612	0.70388
0.30003	0.69997
0.30534	0.69466
0.28438	0.71562
0.36098	0.63902
0.25452	0.74548
0.3102	0.6898
0.34949	0.65051
0.31876	0.68124
0.26889	0.73111
0.30603	0.69397
0.28413	0.71587
0.27002	0.72998
0.36766	0.63234
0.29012	0.70988
0.2711	0.7289
0.2622	0.7378
0.30606	0.69394
0.22521	0.77479
0.21769	0.78231
0.30964	0.69036
0.23551	0.76449
0.28001	0.71999
0.33877	0.66123
0.34611	0.65389
0.37723	0.62277
0.24952	0.75048
0.34284	0.65716
0.31626	0.68374
0.36262	0.63738
0.31101	0.68899
0.36422	0.63578
0.52942	0.47058
0.58486	0.41514
0.46748	0.53252
0.44498	0.55502
0.49054	0.50946
0.47705	0.52295
0.46327	0.53673
0.47785	0.52215
0.50821	0.49179
0.49038	0.50962
0.52879	0.47121
0.48955	0.51045
0.62026	0.37974
0.49721	0.50279
0.5422	0.4578
0.439	0.561
0.45944	0.54056
0.53581	0.46419
0.53626	0.46374
0.50997	0.49003
0.574	0.426
0.51158	0.48842
0.48644	0.51356
0.52738	0.47262
0.47367	0.52633
0.45659	0.54341
0.44373	0.55627
0.34076	0.65924
0.35697	0.64303
0.27941	0.72059
0.27695	0.72305
0.23355	0.76645
0.29562	0.70438
0.31777	0.68223
0.26284	0.73716
0.3036	0.6964
0.28218	0.71782
0.27842	0.72158
0.33897	0.66103
0.34082	0.65918
0.35742	0.64258
0.24575	0.75425
0.29319	0.70681
0.33275	0.66725
0.4423	0.5577
0.35412	0.64588
0.23533	0.76467
0.39634	0.60366
0.31166	0.68834
0.27275	0.72725
0.35164	0.64836
0.31886	0.68114
0.30546	0.69454
0.26599	0.73401
0.21173	0.78827
0.25182	0.74818
0.26772	0.73228
0.32263	0.67737
0.33072	0.66928
0.26073	0.73927
0.34141	0.65859
0.33337	0.66663
0.29372	0.70628
0.25244	0.74756
0.3446	0.6554
0.29351	0.70649
0.24933	0.75067
0.31261	0.68739
0.32618	0.67382
0.22692	0.77308
0.39332	0.60668
0.19255	0.80745
0.21824	0.78176
0.3612	0.6388
0.31626	0.68374
0.27855	0.72145
0.30058	0.69942
0.33657	0.66343
0.2566	0.7434
0.34641	0.65359
0.33487	0.66513
0.29774	0.70226
0.30956	0.69044
0.26856	0.73144
0.25717	0.74283
0.28056	0.71944
0.35143	0.64857
0.28801	0.71199
0.27742	0.72258
0.25104	0.74896
0.24333	0.75667
0.30111	0.69889
0.35201	0.64799
0.36157	0.63843
0.32801	0.67199
0.28455	0.71545
0.28162	0.71838
0.31828	0.68172
0.34687	0.65313
0.34871	0.65129
0.19405	0.80595
0.29768	0.70232
0.25166	0.74834
0.27644	0.72356
0.38676	0.61324
0.26112	0.73888
0.21581	0.78419
0.30885	0.69115
0.29378	0.70622
0.27922	0.72078
0.34397	0.65603
0.32831	0.67169
0.3188	0.6812
0.28615	0.71385
0.3175	0.6825
0.28543	0.71457
0.3093	0.6907
0.32883	0.67117
0.31698	0.68302
0.26636	0.73364
0.27315	0.72685
0.24799	0.75201
0.34986	0.65014
0.2987	0.7013
0.26715	0.73285
0.33389	0.66611
0.27446	0.72554
0.3223	0.6777
0.37583	0.62417
0.34689	0.65311
0.29199	0.70801
0.29431	0.70569
0.39686	0.60314
0.29146	0.70854
0.31506	0.68494
0.3163	0.6837
0.34624	0.65376
0.31076	0.68924
0.31831	0.68169
0.31611	0.68389
0.43445	0.56555
0.3438	0.6562
0.25618	0.74382
0.23913	0.76087
0.39426	0.60574
0.51917	0.48083
0.52574	0.47426
0.46895	0.53105
0.48552	0.51448
0.5082	0.4918
0.58585	0.41415
0.56909	0.43091
0.51212	0.48788
0.44065	0.55935
0.50633	0.49367
0.472	0.528
0.51514	0.48486
0.54312	0.45688
0.50116	0.49884
0.49588	0.50412
0.44524	0.55476
0.54074	0.45926
0.5313	0.4687
0.48574	0.51426
0.43507	0.56493
0.54613	0.45387
0.45507	0.54493
0.44896	0.55104
0.54126	0.45874
0.52978	0.47022
0.49826	0.50174
0.33446	0.66554
0.21926	0.78074
0.392	0.608
0.25905	0.74095
0.34961	0.65039
0.32669	0.67331
0.22366	0.77634
0.40114	0.59886
0.32761	0.67239
0.39101	0.60899
0.31713	0.68287
0.30898	0.69102
0.24903	0.75097
0.30188	0.69812
0.30686	0.69314
0.22395	0.77605
0.29905	0.70095
0.30816	0.69184
0.26394	0.73606
0.32053	0.67947
0.23937	0.76063
0.27131	0.72869
0.30527	0.69473
0.26975	0.73025
0.32109	0.67891
0.28186	0.71814
0.25629	0.74371
0.34658	0.65342
0.33	0.67
0.32857	0.67143
0.33426	0.66574
0.35047	0.64953
0.34954	0.65046
0.30168	0.69832
0.27749	0.72251
0.29447	0.70553
0.36189	0.63811
0.24011	0.75989
0.27178	0.72822
0.35217	0.64783
0.3423	0.6577
0.27522	0.72478
0.28966	0.71034
0.29221	0.70779
0.28623	0.71377
0.17784	0.82216
0.27863	0.72137
0.31545	0.68455
0.42258	0.57742
0.22687	0.77313
0.26822	0.73178
0.28073	0.71927
0.25289	0.74711
0.26631	0.73369
0.20379	0.79621
0.29438	0.70562
0.27407	0.72593
0.32675	0.67325
0.30287	0.69713
0.35329	0.64671
0.38104	0.61896
0.30609	0.69391
0.2381	0.7619
0.31221	0.68779
0.36991	0.63009
0.29523	0.70477
0.31938	0.68062
0.25168	0.74832
0.4206	0.5794
0.4743	0.5257
0.49723	0.50277
0.53089	0.46911
0.49911	0.50089
0.55053	0.44947
0.47803	0.52197
0.47329	0.52671
0.34834	0.65166
0.53504	0.46496
0.58287	0.41713
0.46029	0.53971
0.5379	0.4621
0.53894	0.46106
0.51307	0.48693
0.41038	0.58962
0.54642	0.45358
0.57119	0.42881
0.48514	0.51486
0.44231	0.55769
0.5791	0.4209
0.56136	0.43864
0.52227	0.47773
0.46437	0.53563
0.51514	0.48486
0.50959	0.49041
0.43348	0.56652
0.44787	0.55213
0.33153	0.66847
0.21048	0.78952
0.37546	0.62454
0.32019	0.67981
0.27889	0.72111
0.2163	0.7837
0.26562	0.73438
0.24864	0.75136
0.27537	0.72463
0.31734	0.68266
0.34147	0.65853
0.30778	0.69222
0.30419	0.69581
0.31873	0.68127
0.43266	0.56734
0.31664	0.68336
0.30704	0.69296
0.37889	0.62111
0.30448	0.69552
0.26635	0.73365
0.34659	0.65341
0.28211	0.71789
0.31011	0.68989
0.34381	0.65619
0.3404	0.6596
0.21983	0.78017
0.1819	0.8181
0.26491	0.73509
0.3826	0.6174
0.31175	0.68825
0.29241	0.70759
0.29221	0.70779
0.35191	0.64809
0.31652	0.68348
0.32379	0.67621
0.19547	0.80453
0.2913	0.7087
0.30096	0.69904
0.257	0.743
0.29885	0.70115
0.26988	0.73012
0.3435	0.6565
0.27146	0.72854
0.36523	0.63477
0.29787	0.70213
0.34478	0.65522
0.41424	0.58576
0.30334	0.69666
0.37473	0.62527
0.24638	0.75362
0.39117	0.60883
0.23958	0.76042
0.29673	0.70327
0.41565	0.58435
0.49176	0.50824
0.53937	0.46063
0.51505	0.48495
0.45344	0.54656
0.4583	0.5417
0.56549	0.43451
0.55168	0.44832
0.56741	0.43259
0.46436	0.53564
0.51729	0.48271
0.54277	0.45723
0.52675	0.47325
0.43083	0.56917
0.49314	0.50686
0.66948	0.33052
0.51826	0.48174
0.48619	0.51381
0.61646	0.38354
0.46105	0.53895
0.45764	0.54236
0.49217	0.50783
0.52992	0.47008
0.42429	0.57571
0.43938	0.56062
0.5026	0.4974
0.52905	0.47095
0.42901	0.57099
0.31358	0.68642
0.28366	0.71634
0.24254	0.75746
0.2346	0.7654
0.33232	0.66768
0.23054	0.76946
0.23297	0.76703
0.35644	0.64356
0.30008	0.69992
0.31898	0.68102
0.25493	0.74507
0.29016	0.70984
0.31535	0.68465
0.30837	0.69163
0.3894	0.6106
0.2688	0.7312
0.2925	0.7075
0.34161	0.65839
0.3474	0.6526
0.20131	0.79869
0.28041	0.71959
0.26616	0.73384
0.2992	0.7008
0.32576	0.67424
0.32224	0.67776
0.35704	0.64296
0.32238	0.67762
0.31577	0.68423
0.34728	0.65272
0.32143	0.67857
0.23377	0.76623
0.30549	0.69451
0.21726	0.78274
0.35553	0.64447
0.19461	0.80539
0.27251	0.72749
0.30471	0.69529
0.36488	0.63512
0.54266	0.45734
0.53843	0.46157
0.4083	0.5917
0.39962	0.60038
0.29809	0.70191
0.39415	0.60585
0.30277	0.69723
0.26931	0.73069
0.32935	0.67065
0.23966	0.76034
0.32727	0.67273
0.31255	0.68745
0.28036	0.71964
0.2689	0.7311
0.24048	0.75952
0.20608	0.79392
0.2788	0.7212
0.33886	0.66114
0.2643	0.7357
0.37923	0.62077
0.25558	0.74442
0.40704	0.59296
0.26539	0.73461
0.30496	0.69504
0.37175	0.62825
0.36167	0.63833
0.26212	0.73788
0.33693	0.66307
0.24428	0.75572
0.21471	0.78529
0.33306	0.66694
0.21352	0.78648
0.1931	0.8069
0.44253	0.55747
0.46777	0.53223
0.41703	0.58297
0.50994	0.49006
0.49732	0.50268
0.52506	0.47494
0.5015	0.4985
0.4883	0.5117
0.5344	0.4656
0.51444	0.48556
0.52779	0.47221
0.50961	0.49039
0.56296	0.43704
0.47257	0.52743
0.54462	0.45538
0.53403	0.46597
0.44463	0.55537
0.47667	0.52333
0.5296	0.4704
0.53316	0.46684
0.49385	0.50615
0.5196	0.4804
0.46826	0.53174
0.58476	0.41524
0.46675	0.53325
0.32977	0.67023
0.297	0.703
0.36928	0.63072
0.36089	0.63911
0.22525	0.77475
0.30186	0.69814
0.34014	0.65986
0.34869	0.65131
0.37804	0.62196
0.37931	0.62069
0.34281	0.65719
0.22878	0.77122
0.30199	0.69801
0.231	0.769
0.42828	0.57172
0.59786	0.40214
0.56176	0.43824
0.50393	0.49607
0.54035	0.45965
0.44541	0.55459
0.47198	0.52802
0.43748	0.56252
0.53252	0.46748
0.52764	0.47236
0.47301	0.52699
0.49769	0.50231
0.36165	0.63835
0.3871	0.6129
0.19993	0.80007
0.34177	0.65823
0.28286	0.71714
0.2761	0.7239
0.25554	0.74446
0.36317	0.63683
0.31916	0.68084
0.29406	0.70594
0.32086	0.67914
0.35066	0.64934
0.25652	0.74348
0.26027	0.73973
0.33443	0.66557
0.37928	0.62072
0.36251	0.63749
0.29422	0.70578
0.23341	0.76659
0.18286	0.81714
0.25367	0.74633
0.35648	0.64352
0.27254	0.72746
0.31419	0.68581
0.31064	0.68936
0.18986	0.81014
0.36255	0.63745
0.40124	0.59876
0.29806	0.70194
0.34993	0.65007
0.26213	0.73787
0.32981	0.67019
0.40616	0.59384
0.36559	0.63441
0.265	0.735
0.24902	0.75098
0.30266	0.69734
0.28815	0.71185
0.29686	0.70314
0.36356	0.63644
0.31106	0.68894
0.3832	0.6168
0.29785	0.70215
0.29334	0.70666
0.33966	0.66034
0.32131	0.67869
0.2895	0.7105
0.22059	0.77941
0.24418	0.75582
0.33084	0.66916
0.32717	0.67283
0.22661	0.77339
0.306	0.694
0.32647	0.67353
0.24124	0.75876
0.25009	0.74991
0.3597	0.6403
0.21232	0.78768
0.32233	0.67767
0.3489	0.6511
0.21044	0.78956
0.29349	0.70651
0.24124	0.75876
0.3045	0.6955
0.27889	0.72111
0.21745	0.78255
0.3309	0.6691
0.32981	0.67019
0.26908	0.73092
0.32639	0.67361
0.23278	0.76722
0.23826	0.76174
0.24233	0.75767
0.29453	0.70547
0.27379	0.72621
0.39556	0.60444
0.29644	0.70356
0.32809	0.67191
0.3287	0.6713
0.31859	0.68141
0.30958	0.69042
0.3622	0.6378
0.24179	0.75821
0.38176	0.61824
0.33432	0.66568
0.24253	0.75747
0.35551	0.64449
0.35913	0.64087
0.38537	0.61463
0.27898	0.72102
0.38197	0.61803
0.31317	0.68683
0.22683	0.77317
0.26119	0.73881
0.34647	0.65353
0.38965	0.61035
0.24084	0.75916
0.29444	0.70556
0.26716	0.73284
0.39399	0.60601
0.2552	0.7448
0.36658	0.63342
0.26877	0.73123
0.33883	0.66117
0.23379	0.76621
0.37501	0.62499
0.18985	0.81015
0.31613	0.68387
0.32105	0.67895
0.25896	0.74104
0.25168	0.74832
0.33047	0.66953
0.24819	0.75181
0.29859	0.70141
0.15901	0.84099
0.19595	0.80405
0.29776	0.70224
0.3559	0.6441
0.21752	0.78248
0.33393	0.66607
0.32472	0.67528
0.27058	0.72942
0.2988	0.7012
0.40957	0.59043
0.22997	0.77003
0.324	0.676
0.31038	0.68962
0.3161	0.6839
0.29971	0.70029
0.31407	0.68593
0.28743	0.71257
0.21533	0.78467
0.2708	0.7292
0.31172	0.68828
0.31294	0.68706
0.33018	0.66982
0.41105	0.58895
0.21729	0.78271
0.33402	0.66598
0.30679	0.69321
0.2981	0.7019
0.26534	0.73466
0.29362	0.70638
0.33402	0.66598
0.32131	0.67869
0.3174	0.6826
0.48124	0.51876
0.52806	0.47194
0.44732	0.55268
0.48727	0.51273
0.40798	0.59202
0.21972	0.78028
0.34531	0.65469
0.31248	0.68752
0.39471	0.60529
0.24438	0.75562
0.2639	0.7361
0.21239	0.78761
0.30018	0.69982
0.34976	0.65024
0.27605	0.72395
0.27404	0.72596
0.28527	0.71473
0.29197	0.70803
0.35118	0.64882
0.30079	0.69921
0.27587	0.72413
0.33173	0.66827
0.23178	0.76822
0.32993	0.67007
0.28968	0.71032
0.40697	0.59303
0.26756	0.73244
0.32118	0.67882
0.30589	0.69411
0.24596	0.75404
0.34378	0.65622
0.18869	0.81131
0.20269	0.79731
0.23452	0.76548
0.36528	0.63472
0.3492	0.6508
0.23743	0.76257
0.29101	0.70899
0.26283	0.73717
0.31166	0.68834
0.40507	0.59493
0.25617	0.74383
0.39744	0.60256
0.27674	0.72326
0.2674	0.7326
0.33048	0.66952
0.33546	0.66454
0.31399	0.68601
0.22663	0.77337
0.26543	0.73457
0.2566	0.7434
0.27437	0.72563
0.2609	0.7391
0.32129	0.67871
0.35058	0.64942
0.28747	0.71253
0.32771	0.67229
0.33794	0.66206
0.30669	0.69331
0.28637	0.71363
0.27287	0.72713
0.24184	0.75816
0.28632	0.71368
0.30798	0.69202
0.29066	0.70934
0.3109	0.6891
0.30231	0.69769
0.33352	0.66648
0.26847	0.73153
0.29408	0.70592
0.3121	0.6879
0.2812	0.7188
0.31402	0.68598
0.21128	0.78872
0.32293	0.67707
0.32309	0.67691
0.29994	0.70006
0.28235	0.71765
0.27835	0.72165
0.21476	0.78524
0.35479	0.64521
0.33179	0.66821
0.24564	0.75436
0.22614	0.77386
0.28074	0.71926
0.33404	0.66596
0.34163	0.65837
0.32673	0.67327
0.3384	0.6616
0.38774	0.61226
0.21478	0.78522
0.32348	0.67652
0.29728	0.70272
0.26256	0.73744
0.33584	0.66416
0.29972	0.70028
0.36001	0.63999
0.2483	0.7517
0.25762	0.74238
0.32167	0.67833
0.25562	0.74438
0.30606	0.69394
0.2799	0.7201
0.35483	0.64517
0.32183	0.67817
0.27965	0.72035
0.35976	0.64024
0.46882	0.53118
0.48881	0.51119
0.4925	0.5075
0.4614	0.5386
0.47232	0.52768
0.47035	0.52965
0.48424	0.51576
0.4817	0.5183
0.48119	0.51881
0.4644	0.5356
0.41668	0.58332
0.50264	0.49736
0.53932	0.46068
0.4386	0.5614
0.35942	0.64058
0.26807	0.73193
0.27976	0.72024
0.41969	0.58031
0.29752	0.70248
0.28987	0.71013
0.29012	0.70988
0.37582	0.62418
0.21339	0.78661
0.35562	0.64438
0.26404	0.73596
0.28633	0.71367
0.33387	0.66613
0.25318	0.74682
0.32129	0.67871
0.29627	0.70373
0.23006	0.76994
0.30962	0.69038
0.32902	0.67098
0.33189	0.66811
0.2717	0.7283
0.29919	0.70081
0.33112	0.66888
0.32667	0.67333
0.28053	0.71947
0.23642	0.76358
0.31363	0.68637
0.31587	0.68413
0.37492	0.62508
0.22231	0.77769
0.28229	0.71771
0.32171	0.67829
0.29493	0.70507
0.40144	0.59856
0.28164	0.71836
0.18181	0.81819
0.33649	0.66351
0.23005	0.76995
0.36574	0.63426
0.32019	0.67981
0.28279	0.71721
0.251	0.749
0.39287	0.60713
0.31548	0.68452
0.27554	0.72446
0.26526	0.73474
0.29098	0.70902
0.36281	0.63719
0.39554	0.60446
0.30136	0.69864
0.32136	0.67864
0.31617	0.68383
0.21755	0.78245
0.30702	0.69298
0.2751	0.7249
0.50871	0.49129
0.51348	0.48652
0.50509	0.49491
0.47029	0.52971
0.43841	0.56159
0.27861	0.72139
0.29246	0.70754
0.15546	0.84454
0.26327	0.73673
0.33781	0.66219
0.30604	0.69396
0.2742	0.7258
0.28296	0.71704
0.246	0.754
0.26513	0.73487
0.27085	0.72915
0.29069	0.70931
0.3294	0.6706
0.29895	0.70105
0.29601	0.70399
0.25822	0.74178
0.34893	0.65107
0.31177	0.68823
0.3283	0.6717
0.31096	0.68904
0.34039	0.65961
0.37563	0.62437
0.27842	0.72158
0.32713	0.67287
0.33396	0.66604
0.29956	0.70044
0.3956	0.6044
0.25107	0.74893
0.27569	0.72431
0.30389	0.69611
0.30131	0.69869
0.4346	0.5654
0.41512	0.58488
0.53798	0.46202
0.45546	0.54454
0.44077	0.55923
0.5222	0.4778
0.4968	0.5032
0.44549	0.55451
0.5123	0.4877
0.40477	0.59523
0.4854	0.5146
0.28886	0.71114
0.27601	0.72399
0.34123	0.65877
0.29698	0.70302
0.25966	0.74034
0.38564	0.61436
0.34561	0.65439
0.37444	0.62556
0.29866	0.70134
0.39579	0.60421
0.34598	0.65402
0.2096	0.7904
0.23673	0.76327
0.32918	0.67082
0.29419	0.70581
0.29281	0.70719
0.35374	0.64626
0.38511	0.61489
0.31956	0.68044
0.30637	0.69363
0.41255	0.58745
0.48136	0.51864
0.53714	0.46286
0.51286	0.48714
0.49251	0.50749
0.45931	0.54069
0.49751	0.50249
0.29947	0.70053
0.27747	0.72253
0.27025	0.72975
0.26322	0.73678
0.30408	0.69592
0.25696	0.74304
0.20708	0.79292
0.23576	0.76424
0.32181	0.67819
0.35456	0.64544
0.36013	0.63987
0.41564	0.58436
0.2458	0.7542
0.36823	0.63177
0.30408	0.69592
0.27661	0.72339
0.27868	0.72132
0.34448	0.65552
0.33249	0.66751
0.20969	0.79031
0.35123	0.64877
0.34126	0.65874
0.28818	0.71182
0.25094	0.74906
0.26152	0.73848
0.23819	0.76181
0.29749	0.70251
0.28057	0.71943
0.2844	0.7156
0.31107	0.68893
0.28513	0.71487
0.21514	0.78486
0.27006	0.72994
0.27383	0.72617
0.21421	0.78579
0.34428	0.65572
0.19167	0.80833
0.32111	0.67889
0.28526	0.71474
0.28179	0.71821
0.33238	0.66762
0.28482	0.71518
0.28866	0.71134
0.25642	0.74358
0.35629	0.64371
0.34958	0.65042
0.33432	0.66568
0.32656	0.67344
0.33632	0.66368
0.33471	0.66529
0.31971	0.68029
0.33158	0.66842
0.26454	0.73546
0.30147	0.69853
0.32752	0.67248
0.26373	0.73627
0.30004	0.69996
0.29062	0.70938
0.36207	0.63793
0.32362	0.67638
0.35472	0.64528
0.33113	0.66887
0.35046	0.64954
0.29528	0.70472
0.30576	0.69424
0.26859	0.73141
0.31938	0.68062
0.45371	0.54629
0.30488	0.69512
0.29772	0.70228
0.34291	0.65709
0.22182	0.77818
0.35641	0.64359
0.25762	0.74238
0.32838	0.67162
0.31383	0.68617
0.29665	0.70335
0.26414	0.73586
0.32087	0.67913
0.35623	0.64377
0.33413	0.66587
0.3698	0.6302
0.23057	0.76943
0.30096	0.69904
0.23248	0.76752
0.30573	0.69427
0.32708	0.67292
0.26162	0.73838
0.36414	0.63586
0.27626	0.72374
0.33117	0.66883
0.28262	0.71738
0.26208	0.73792
0.26314	0.73686
0.22745	0.77255
0.37604	0.62396
0.17764	0.82236
0.2355	0.7645
0.20077	0.79923
0.23285	0.76715
0.16041	0.83959
0.33011	0.66989
0.30202	0.69798
0.24845	0.75155
0.23495	0.76505
0.2341	0.7659
0.28608	0.71392
0.1989	0.8011
0.32034	0.67966
0.29551	0.70449
0.28289	0.71711
0.33261	0.66739
0.31729	0.68271
0.28277	0.71723
0.30154	0.69846
0.29333	0.70667
0.2687	0.7313
0.35557	0.64443
0.36011	0.63989
0.30362	0.69638
0.24866	0.75134
0.24135	0.75865
0.31255	0.68745
0.29071	0.70929
0.50948	0.49052
0.34662	0.65338
0.28677	0.71323
0.25934	0.74066
0.3066	0.6934
0.24077	0.75923
0.31702	0.68298
0.2204	0.7796
0.17731	0.82269
0.28959	0.71041
0.2509	0.7491
0.29202	0.70798
0.37656	0.62344
0.36863	0.63137
0.26939	0.73061
0.25166	0.74834
0.28918	0.71082
0.2842	0.7158
0.36927	0.63073
0.28259	0.71741
0.36028	0.63972
0.36186	0.63814
0.42599	0.57401
0.28103	0.71897
0.27624	0.72376
0.38379	0.61621
0.26308	0.73692
0.20922	0.79078
0.30434	0.69566
0.32501	0.67499
0.28185	0.71815
0.28247	0.71753
0.23185	0.76815
0.38614	0.61386
0.31007	0.68993
0.27262	0.72738
0.32009	0.67991
0.34172	0.65828
0.24759	0.75241
0.31126	0.68874
0.27588	0.72412
0.38254	0.61746
0.30795	0.69205
0.24377	0.75623
0.29445	0.70555
0.32245	0.67755
0.40503	0.59497
0.30198	0.69802
0.32858	0.67142
0.36004	0.63996
0.32544	0.67456
0.25651	0.74349
0.46947	0.53053
0.29195	0.70805
0.26711	0.73289
0.33534	0.66466
0.37702	0.62298
0.2989	0.7011
0.35274	0.64726
0.26516	0.73484
0.30797	0.69203
0.29118	0.70882
0.38151	0.61849
0.3147	0.6853
0.33839	0.66161
0.38332	0.61668
0.54089	0.45911
0.45246	0.54754
0.35651	0.64349
0.28294	0.71706
0.26833	0.73167
0.31974	0.68026
0.25908	0.74092
0.23191	0.76809
0.28489	0.71511
0.37996	0.62004
0.28038	0.71962
0.31104	0.68896
0.27031	0.72969
0.19748	0.80252
0.30002	0.69998
0.38468	0.61532
0.28342	0.71658
0.24249	0.75751
0.25047	0.74953
0.31821	0.68179
0.27898	0.72102
0.34918	0.65082
0.28621	0.71379
0.19572	0.80428
0.27803	0.72197
0.3356	0.6644
0.35132	0.64868
0.36425	0.63575
0.35004	0.64996
0.35367	0.64633
0.3947	0.6053
0.37672	0.62328
0.30878	0.69122
0.27619	0.72381
0.28601	0.71399
0.33513	0.66487
0.36041	0.63959
0.28762	0.71238
0.37563	0.62437
0.26375	0.73625
0.27673	0.72327
0.28065	0.71935
0.2669	0.7331
0.3435	0.6565
0.29065	0.70935
0.39258	0.60742
0.29969	0.70031
0.39331	0.60669
0.40958	0.59042
0.54854	0.45146
0.46562	0.53438
0.5215	0.4785
0.35353	0.64647
0.1785	0.8215
0.31809	0.68191
0.31417	0.68583
0.39676	0.60324
0.3931	0.6069
0.53704	0.46296
0.4616	0.5384
0.50135	0.49865
0.49687	0.50313
0.50862	0.49138
0.46026	0.53974
0.55918	0.44082
0.45456	0.54544
0.48268	0.51732
0.51313	0.48687
0.46616	0.53384
0.5414	0.4586
0.57218	0.42782
0.53419	0.46581
0.50412	0.49588
0.55322	0.44678
0.54361	0.45639
0.49849	0.50151
0.50745	0.49255
0.58686	0.41314
0.40423	0.59577
0.42976	0.57024
0.47587	0.52413
0.4956	0.5044
0.53504	0.46496
0.55753	0.44247
0.28189	0.71811
0.31309	0.68691
0.38896	0.61104
0.39464	0.60536
0.26898	0.73102
0.24047	0.75953
0.34291	0.65709
0.25925	0.74075
0.29214	0.70786
0.27144	0.72856
0.30504	0.69496
0.32982	0.67018
0.33561	0.66439
0.30678	0.69322
0.25265	0.74735
0.25765	0.74235
0.31462	0.68538
0.19078	0.80922
0.24128	0.75872
0.22171	0.77829
0.2836	0.7164
0.32426	0.67574
0.41824	0.58176
0.29979	0.70021
0.24662	0.75338
0.27732	0.72268
0.32291	0.67709
0.35109	0.64891
0.27705	0.72295
0.29977	0.70023
0.35929	0.64071
0.31119	0.68881
0.30402	0.69598
0.28345	0.71655
0.28077	0.71923
0.3529	0.6471
0.27342	0.72658
0.29764	0.70236
0.24831	0.75169
0.33019	0.66981
0.31246	0.68754
0.32208	0.67792
0.29865	0.70135
0.2629	0.7371
0.29573	0.70427
0.23579	0.76421
0.28307	0.71693
0.41536	0.58464
0.38362	0.61638
0.34339	0.65661
0.3219	0.6781
0.34133	0.65867
0.31948	0.68052
0.34659	0.65341
0.36029	0.63971
0.24894	0.75106
0.29045	0.70955
0.29864	0.70136
0.27224	0.72776
0.25029	0.74971
0.36361	0.63639
0.33339	0.66661
0.25446	0.74554
0.24737	0.75263
0.32136	0.67864
0.26556	0.73444
0.24009	0.75991
0.28763	0.71237
0.25776	0.74224
0.34248	0.65752
0.41533	0.58467
0.21495	0.78505
0.34188	0.65812
0.32112	0.67888
0.25787	0.74213
0.34808	0.65192
0.25558	0.74442
0.20589	0.79411
0.24383	0.75617
0.32891	0.67109
0.32052	0.67948
0.35013	0.64987
0.32454	0.67546
0.36302	0.63698
0.19976	0.80024
0.28477	0.71523
0.28184	0.71816
0.29711	0.70289
0.35336	0.64664
0.26618	0.73382
0.31262	0.68738
0.20447	0.79553
0.25423	0.74577
0.34701	0.65299
0.21283	0.78717
0.37074	0.62926
0.27579	0.72421
0.32639	0.67361
0.24119	0.75881
0.33908	0.66092
0.51851	0.48149
0.44481	0.55519
0.4712	0.5288
0.554	0.446
0.45417	0.54583
0.53916	0.46084
0.56343	0.43657
0.4574	0.5426
0.56967	0.43033
0.52481	0.47519
0.49174	0.50826
0.33774	0.66226
0.29993	0.70007
0.3627	0.6373
0.27266	0.72734
0.26323	0.73677
0.2622	0.7378
0.39874	0.60126
0.28351	0.71649
0.21955	0.78045
0.34743	0.65257
0.30125	0.69875
0.28221	0.71779
0.32584	0.67416
0.34437	0.65563
0.26814	0.73186
0.30554	0.69446
0.28447	0.71553
0.27109	0.72891
0.32378	0.67622
0.33607	0.66393
0.23149	0.76851
0.35551	0.64449
0.30744	0.69256
0.2882	0.7118
0.22058	0.77942
0.28714	0.71286
0.29652	0.70348
0.30519	0.69481
0.27817	0.72183
0.3463	0.6537
0.3784	0.6216
0.36218	0.63782
0.28847	0.71153
0.31678	0.68322
0.32034	0.67966
0.26891	0.73109
0.29943	0.70057
0.27051	0.72949
0.30344	0.69656
0.3805	0.6195
0.29065	0.70935
0.26346	0.73654
0.36887	0.63113
0.34365	0.65635
0.27373	0.72627
0.26315	0.73685
0.37054	0.62946
0.30157	0.69843
0.30926	0.69074
0.31746	0.68254
0.26855	0.73145
0.35444	0.64556
0.41766	0.58234
0.17561	0.82439
0.3099	0.6901
0.34727	0.65273
0.26021	0.73979
0.30449	0.69551
0.30853	0.69147
0.27001	0.72999
0.33533	0.66467
0.36074	0.63926
0.31116	0.68884
0.31848	0.68152
0.27267	0.72733
0.35592	0.64408
0.29549	0.70451
0.32203	0.67797
0.35874	0.64126
0.28514	0.71486
0.29029	0.70971
0.30453	0.69547
0.28883	0.71117
0.23655	0.76345
0.32412	0.67588
0.22792	0.77208
0.28478	0.71522
0.22958	0.77042
0.36507	0.63493
0.30427	0.69573
0.32395	0.67605
0.28686	0.71314
0.37934	0.62066
0.2798	0.7202
0.35759	0.64241
0.35766	0.64234
0.27372	0.72628
0.32147	0.67853
0.30633	0.69367
0.40575	0.59425
0.25029	0.74971
0.22077	0.77923
0.31554	0.68446
0.25152	0.74848
0.27054	0.72946
0.31657	0.68343
0.43731	0.56269
0.4926	0.5074
0.57237	0.42763
0.48382	0.51618
0.44526	0.55474
0.47524	0.52476
0.51699	0.48301
0.5215	0.4785
0.44643	0.55357
0.39554	0.60446
0.2351	0.7649
0.35359	0.64641
0.32107	0.67893
0.37112	0.62888
0.28441	0.71559
0.34565	0.65435
0.24405	0.75595
0.31204	0.68796
0.35617	0.64383
0.26759	0.73241
0.30437	0.69563
0.38173	0.61827
0.26077	0.73923
0.24448	0.75552
0.34668	0.65332
0.29883	0.70117
0.24497	0.75503
0.25531	0.74469
0.31731	0.68269
0.31224	0.68776
0.28242	0.71758
0.31145	0.68855
0.32822	0.67178
0.26345	0.73655
0.28401	0.71599
0.26372	0.73628
0.36699	0.63301
0.23607	0.76393
0.38071	0.61929
0.27151	0.72849
0.2999	0.7001
0.34788	0.65212
0.33689	0.66311
0.50703	0.49297
0.44978	0.55022
0.52851	0.47149
0.51004	0.48996
0.39921	0.60079
0.53665	0.46335
0.52549	0.47451
0.4102	0.5898
0.55462	0.44538
0.54354	0.45646
0.46611	0.53389
0.50089	0.49911
0.56498	0.43502
0.54721	0.45279
0.55562	0.44438
0.47223	0.52777
0.50126	0.49874
0.50407	0.49593
0.55441	0.44559
0.5618	0.4382
0.5524	0.4476
0.48504	0.51496
0.49372	0.50628
0.42482	0.57518
0.48793	0.51207
0.45521	0.54479
0.53472	0.46528
0.45966	0.54034
0.49233	0.50767
0.43936	0.56064
0.42095	0.57905
0.52078	0.47922
0.45405	0.54595
0.5278	0.4722
0.43984	0.56016
0.46778	0.53222
0.50156	0.49844
0.51744	0.48256
0.5062	0.4938
0.40731	0.59269
0.37801	0.62199
0.55756	0.44244
0.44203	0.55797
0.44384	0.55616
0.44287	0.55713
0.47561	0.52439
0.52427	0.47573
0.50432	0.49568
0.54089	0.45911
0.49485	0.50515
0.56983	0.43017
0.46149	0.53851
0.28293	0.71707
0.34443	0.65557
0.24101	0.75899
0.36907	0.63093
0.35802	0.64198
0.30093	0.69907
0.32019	0.67981
0.34898	0.65102
0.28361	0.71639
0.32727	0.67273
0.33436	0.66564
0.3186	0.6814
0.22897	0.77103
0.28322	0.71678
0.20119	0.79881
0.28085	0.71915
0.26051	0.73949
0.2952	0.7048
0.31887	0.68113
0.3415	0.6585
0.29284	0.70716
0.30201	0.69799
0.35066	0.64934
0.36484	0.63516
0.31088	0.68912
0.34306	0.65694
0.2635	0.7365
0.37928	0.62072
0.26686	0.73314
0.26162	0.73838
0.32691	0.67309
0.29673	0.70327
0.22068	0.77932
0.35387	0.64613
0.33476	0.66524
0.38238	0.61762
0.31474	0.68526
0.33525	0.66475
0.24243	0.75757
0.39297	0.60703
0.41857	0.58143
0.28093	0.71907
0.26526	0.73474
0.35001	0.64999
0.24324	0.75676
0.30768	0.69232
0.29326	0.70674
0.34133	0.65867
0.20156	0.79844
0.30617	0.69383
0.3131	0.6869
0.21145	0.78855
0.29206	0.70794
0.33146	0.66854
0.23621	0.76379
0.285	0.715
0.30984	0.69016
0.27387	0.72613
0.37866	0.62134
0.33847	0.66153
0.27106	0.72894
0.31658	0.68342
0.35644	0.64356
0.31241	0.68759
0.32785	0.67215
0.33216	0.66784
0.33696	0.66304
0.23386	0.76614
0.26616	0.73384
0.28236	0.71764
0.22013	0.77987
0.22991	0.77009
0.31788	0.68212
0.31795	0.68205
0.34623	0.65377
0.31828	0.68172
0.26166	0.73834
0.29921	0.70079
0.26417	0.73583
0.34336	0.65664
0.22445	0.77555
0.34297	0.65703
0.3249	0.6751
0.33865	0.66135
0.27107	0.72893
0.30986	0.69014
0.29795	0.70205
0.22446	0.77554
0.32424	0.67576
0.32213	0.67787
0.26284	0.73716
0.362	0.638
0.21174	0.78826
0.27945	0.72055
0.28046	0.71954
0.26431	0.73569
0.2668	0.7332
0.32415	0.67585
0.25631	0.74369
0.30344	0.69656
0.27874	0.72126
0.29358	0.70642
0.39662	0.60338
0.27291	0.72709
0.44216	0.55784
0.56118	0.43882
0.49684	0.50316
0.46596	0.53404
0.48256	0.51744
0.47503	0.52497
0.51454	0.48546
0.52481	0.47519
0.53193	0.46807
0.51393	0.48607
0.59555	0.40445
0.50885	0.49115
0.52932	0.47068
0.45437	0.54563
0.6001	0.3999
0.52267	0.47733
0.49988	0.50012
0.48933	0.51067
0.47859	0.52141
0.56762	0.43238
0.4493	0.5507
0.54097	0.45903
0.44683	0.55317
0.41356	0.58644
0.40463	0.59537
0.55026	0.44974
0.53149	0.46851
0.50204	0.49796
0.40947	0.59053
0.34428	0.65572
0.30189	0.69811
0.30157	0.69843
0.20487	0.79513
0.35104	0.64896
0.30773	0.69227
0.2783	0.7217
0.30187	0.69813
0.29455	0.70545
0.3916	0.6084
0.24466	0.75534
0.27192	0.72808
0.31314	0.68686
0.39271	0.60729
0.31287	0.68713
0.35556	0.64444
0.33763	0.66237
0.33595	0.66405
0.36438	0.63562
0.41456	0.58544
0.30738	0.69262
0.2855	0.7145
0.30936	0.69064
0.28484	0.71516
0.18443	0.81557
0.2942	0.7058
0.30839	0.69161
0.28169	0.71831
0.28916	0.71084
0.36181	0.63819
0.30413	0.69587
0.29851	0.70149
0.26693	0.73307
0.27214	0.72786
0.29495	0.70505
0.3064	0.6936
0.31943	0.68057
0.38176	0.61824
0.36783	0.63217
0.24014	0.75986
0.38783	0.61217
0.25073	0.74927
0.42856	0.57144
0.30996	0.69004
0.27806	0.72194
0.19893	0.80107
0.2801	0.7199
0.37711	0.62289
0.27937	0.72063
0.27746	0.72254
0.23435	0.76565
0.2413	0.7587
0.27107	0.72893
0.318	0.682
0.19689	0.80311
0.33337	0.66663
0.27594	0.72406
0.34022	0.65978
0.29978	0.70022
0.27787	0.72213
0.32514	0.67486
0.32526	0.67474
0.40126	0.59874
0.23494	0.76506
0.2649	0.7351
0.23883	0.76117
0.27149	0.72851
0.27473	0.72527
0.27793	0.72207
0.27655	0.72345
0.27448	0.72552
0.28814	0.71186
0.32141	0.67859
0.35569	0.64431
0.28175	0.71825
0.39137	0.60863
0.34364	0.65636
0.36098	0.63902
0.25099	0.74901
0.20859	0.79141
0.31635	0.68365
0.31722	0.68278
0.21499	0.78501
0.22571	0.77429
0.3176	0.6824
0.35182	0.64818
0.36782	0.63218
0.25409	0.74591
0.33023	0.66977
0.33071	0.66929
0.2984	0.7016
0.24741	0.75259
0.24478	0.75522
0.33703	0.66297
0.2159	0.7841
0.28525	0.71475
0.30702	0.69298
0.35465	0.64535
0.28204	0.71796
0.23038	0.76962
0.3174	0.6826
0.26402	0.73598
0.38887	0.61113
0.2566	0.7434
0.30855	0.69145
0.40212	0.59788
0.35271	0.64729
0.29915	0.70085
0.32396	0.67604
0.42014	0.57986
0.37003	0.62997
0.23358	0.76642
0.30924	0.69076
0.35324	0.64676
0.22326	0.77674
0.31443	0.68557
0.29659	0.70341
0.31442	0.68558
0.25975	0.74025
0.20865	0.79135
0.24638	0.75362
0.39374	0.60626
0.29351	0.70649
0.25242	0.74758
0.37339	0.62661
0.34595	0.65405
0.25687	0.74313
0.35375	0.64625
0.35552	0.64448
0.26131	0.73869
0.32699	0.67301
0.28146	0.71854
0.36254	0.63746
0.2369	0.7631
0.27957	0.72043
0.34104	0.65896
0.29602	0.70398
0.32882	0.67118
0.38688	0.61312
0.27868	0.72132
0.24521	0.75479
0.37811	0.62189
0.27813	0.72187
0.31591	0.68409
0.2709	0.7291
0.22156	0.77844
0.25263	0.74737
0.36561	0.63439
0.27924	0.72076
0.3617	0.6383
0.52237	0.47763
0.30794	0.69206
0.29249	0.70751
0.315	0.685
0.35884	0.64116
0.30762	0.69238
0.28708	0.71292
0.25738	0.74262
0.32914	0.67086
0.19558	0.80442
0.24125	0.75875
0.33682	0.66318
0.32234	0.67766
0.23616	0.76384
0.32685	0.67315
0.32347	0.67653
0.24078	0.75922
0.29641	0.70359
0.3801	0.6199
0.27532	0.72468
0.23262	0.76738
0.30794	0.69206
0.27199	0.72801
0.28206	0.71794
0.32051	0.67949
0.29726	0.70274
0.28093	0.71907
0.24841	0.75159
0.25899	0.74101
0.24882	0.75118
0.26974	0.73026
0.38803	0.61197
0.30738	0.69262
0.27253	0.72747
0.29361	0.70639
0.31227	0.68773
0.30695	0.69305
0.50563	0.49437
0.43454	0.56546
0.3138	0.6862
0.31594	0.68406
0.35453	0.64547
0.28281	0.71719
0.31776	0.68224
0.26907	0.73093
0.20705	0.79295
0.2714	0.7286
0.3709	0.6291
0.28227	0.71773
0.35109	0.64891
0.33009	0.66991
0.27014	0.72986
0.39567	0.60433
0.34367	0.65633
0.34513	0.65487
0.25452	0.74548
0.26765	0.73235
0.33232	0.66768
0.35999	0.64001
0.29868	0.70132
0.3856	0.6144
0.29361	0.70639
0.3359	0.6641
0.30017	0.69983
0.3547	0.6453
0.28365	0.71635
0.29843	0.70157
0.22458	0.77542
0.31511	0.68489
0.30449	0.69551
0.3264	0.6736
0.31691	0.68309
0.26653	0.73347
0.3332	0.6668
0.43051	0.56949
0.26793	0.73207
0.34661	0.65339
0.27111	0.72889
0.25458	0.74542
0.24386	0.75614
0.32877	0.67123
0.30166	0.69834
0.34368	0.65632
0.2905	0.7095
0.24123	0.75877
0.29008	0.70992
0.29631	0.70369
0.33062	0.66938
0.23948	0.76052
0.20784	0.79216
0.32294	0.67706
0.26117	0.73883
0.27546	0.72454
0.32752	0.67248
0.30092	0.69908
0.30825	0.69175
0.35922	0.64078
0.3533	0.6467
0.30018	0.69982
0.27342	0.72658
0.24031	0.75969
0.31579	0.68421
0.41565	0.58435
0.35235	0.64765
0.31125	0.68875
0.24511	0.75489
0.23871	0.76129
0.2735	0.7265
0.11289	0.88711
0.32087	0.67913
0.36217	0.63783
0.30553	0.69447
0.28365	0.71635
0.36764	0.63236
0.27861	0.72139
0.27103	0.72897
0.3463	0.6537
0.30028	0.69972
0.26828	0.73172
0.34292	0.65708
0.27596	0.72404
0.37449	0.62551
0.26853	0.73147
0.2703	0.7297
0.26857	0.73143
0.31781	0.68219
0.36525	0.63475
0.31828	0.68172
0.3386	0.6614
0.36277	0.63723
0.29358	0.70642
0.34743	0.65257
0.29378	0.70622
0.405	0.595
0.31301	0.68699
0.27273	0.72727
0.30502	0.69498
0.26335	0.73665
0.22379	0.77621
0.31749	0.68251
0.31164	0.68836
0.3327	0.6673
0.25775	0.74225
0.25974	0.74026
0.27546	0.72454
0.24971	0.75029
0.43457	0.56543
0.31858	0.68142
0.27179	0.72821
0.58756	0.41244
0.51503	0.48497
0.53037	0.46963
0.44268	0.55732
0.53072	0.46928
0.40896	0.59104
0.54878	0.45122
0.53133	0.46867
0.46637	0.53363
0.52404	0.47596
0.42318	0.57682
0.57694	0.42306
0.41736	0.58264
0.51605	0.48395
0.42056	0.57944
0.53808	0.46192
0.47121	0.52879
0.51632	0.48368
0.40743	0.59257
0.26734	0.73266
0.32122	0.67878
0.36148	0.63852
0.33388	0.66612
0.34583	0.65417
0.32404	0.67596
0.22464	0.77536
0.26201	0.73799
0.35299	0.64701
0.2901	0.7099
0.31296	0.68704
0.32775	0.67225
0.24893	0.75107
0.30951	0.69049
0.27826	0.72174
0.22629	0.77371
0.31966	0.68034
0.2578	0.7422
0.27486	0.72514
0.23304	0.76696
0.26985	0.73015
0.32198	0.67802
0.37858	0.62142
0.24342	0.75658
0.31727	0.68273
0.32617	0.67383
0.3522	0.6478
0.36299	0.63701
0.24471	0.75529
0.30307	0.69693
0.36153	0.63847
0.32726	0.67274
0.37	0.63
0.36082	0.63918
0.41719	0.58281
0.169	0.831
0.28341	0.71659
0.28307	0.71693
0.22882	0.77118
0.27394	0.72606
0.37111	0.62889
0.30296	0.69704
0.34803	0.65197
0.38175	0.61825
0.37128	0.62872
0.59306	0.40694
0.51492	0.48508
0.3939	0.6061
0.44774	0.55226
0.44846	0.55154
0.45052	0.54948
0.50378	0.49622
0.56774	0.43226
0.55625	0.44375
0.492	0.508
0.38859	0.61141
0.48965	0.51035
0.47048	0.52952
0.5526	0.4474
0.51454	0.48546
0.45882	0.54118
0.5204	0.4796
0.45839	0.54161
0.56576	0.43424
0.54828	0.45172
0.52589	0.47411
0.50903	0.49097
0.5092	0.4908
0.39833	0.60167
0.47666	0.52334
0.53469	0.46531
0.46495	0.53505
0.42312	0.57688
0.5232	0.4768
0.50604	0.49396
0.42522	0.57478
0.53682	0.46318
0.46375	0.53625
0.55896	0.44104
0.51993	0.48007
0.50879	0.49121
0.49019	0.50981
0.5286	0.4714
0.47858	0.52142
0.53317	0.46683
0.36555	0.63445
0.28549	0.71451
0.52729	0.47271
0.45073	0.54927
0.43476	0.56524
0.47695	0.52305
0.48819	0.51181
0.5455	0.4545
0.54129	0.45871
0.50154	0.49846
0.41346	0.58654
0.51809	0.48191
0.50851	0.49149
0.44577	0.55423
0.5026	0.4974
0.48139	0.51861
0.49127	0.50873
0.4516	0.5484
0.51136	0.48864
0.52936	0.47064
0.47241	0.52759
0.52678	0.47322
0.46596	0.53404
0.48614	0.51386
0.71446	0.28554
0.61123	0.38877
0.4797	0.5203
0.53744	0.46256
0.5226	0.4774
0.45047	0.54953
0.51563	0.48437
0.51354	0.48646
0.4656	0.5344
0.518	0.482
0.45993	0.54007
0.64765	0.35235
0.5461	0.4539
0.49806	0.50194
0.48104	0.51896
0.57388	0.42612
0.45705	0.54295
0.58177	0.41823
0.49962	0.50038
0.53708	0.46292
0.47499	0.52501
0.47192	0.52808
0.50167	0.49833
0.45581	0.54419
0.50145	0.49855
0.48749	0.51251
0.52831	0.47169
0.58032	0.41968
0.49115	0.50885
0.54396	0.45604
0.50003	0.49997
0.44259	0.55741
0.50193	0.49807
0.43181	0.56819
0.55561	0.44439
0.39814	0.60186
0.27952	0.72048
0.23414	0.76586
0.28614	0.71386
0.26427	0.73573
0.28904	0.71096
0.28872	0.71128
0.26358	0.73642
0.24277	0.75723
0.28112	0.71888
0.30073	0.69927
0.25522	0.74478
0.31761	0.68239
0.29279	0.70721
0.28697	0.71303
0.34559	0.65441
0.41531	0.58469
0.34238	0.65762
0.33213	0.66787
0.30024	0.69976
0.30649	0.69351
0.32907	0.67093
0.27235	0.72765
0.22537	0.77463
0.32146	0.67854
0.26491	0.73509
0.31969	0.68031
0.25847	0.74153
0.23733	0.76267
0.22983	0.77017
0.31406	0.68594
0.39773	0.60227
0.31002	0.68998
0.32453	0.67547
0.30719	0.69281
0.3115	0.6885
0.41827	0.58173
0.26094	0.73906
0.29206	0.70794
0.26631	0.73369
0.3357	0.6643
0.31276	0.68724
0.28364	0.71636
0.33711	0.66289
0.24971	0.75029
0.30597	0.69403
0.31002	0.68998
0.37869	0.62131
0.32693	0.67307
0.30165	0.69835
0.23291	0.76709
0.22645	0.77355
0.5611	0.4389
0.41971	0.58029
0.51329	0.48671
0.49056	0.50944
0.488	0.512
0.5551	0.4449
0.52193	0.47807
0.55959	0.44041
0.50519	0.49481
0.46928	0.53072
0.43599	0.56401
0.50014	0.49986
0.44456	0.55544
0.48531	0.51469
0.45473	0.54527
0.52198	0.47802
0.45733	0.54267
0.58434	0.41566
0.56225	0.43775
0.4949	0.5051
0.48943	0.51057
0.50776	0.49224
0.52122	0.47878
0.5314	0.4686
0.45569	0.54431
0.54005	0.45995
0.48071	0.51929
0.46257	0.53743
0.51659	0.48341
0.51052	0.48948
0.50624	0.49376
0.47672	0.52328
0.54934	0.45066
0.48798	0.51202
0.44266	0.55734
0.43605	0.56395
0.40032	0.59968
0.51871	0.48129
0.5301	0.4699
0.41559	0.58441
0.45179	0.54821
0.54308	0.45692
0.48016	0.51984
0.47766	0.52234
0.59352	0.40648
0.54512	0.45488
0.48757	0.51243
0.47279	0.52721
0.43107	0.56893
0.4778	0.5222
0.50161	0.49839
0.51774	0.48226
0.47084	0.52916
0.58725	0.41275
0.4628	0.5372
0.5007	0.4993
0.46987	0.53013
0.53876	0.46124
0.52415	0.47585
0.40407	0.59593
0.57269	0.42731
0.54362	0.45638
0.52633	0.47367
0.41917	0.58083
0.53775	0.46225
0.44056	0.55944
0.42366	0.57634
0.49108	0.50892
0.46285	0.53715
0.55957	0.44043
0.55077	0.44923
0.49403	0.50597
0.58685	0.41315
0.53719	0.46281
0.50565	0.49435
0.46643	0.53357
0.50512	0.49488
0.41446	0.58554
0.54645	0.45355
0.55008	0.44992
0.49385	0.50615
0.50304	0.49696
0.46588	0.53412
0.40532	0.59468
0.32953	0.67047
0.26499	0.73501
0.28794	0.71206
0.25653	0.74347
0.30908	0.69092
0.31139	0.68861
0.38724	0.61276
0.39089	0.60911
0.35308	0.64692
0.3542	0.6458
0.24152	0.75848
0.36379	0.63621
0.25292	0.74708
0.22003	0.77997
0.45831	0.54169
0.31593	0.68407
0.26685	0.73315
0.3004	0.6996
0.30345	0.69655
0.1965	0.8035
0.26422	0.73578
0.32647	0.67353
0.30178	0.69822
0.21686	0.78314
0.27543	0.72457
0.2925	0.7075
0.30407	0.69593
0.21606	0.78394
0.31277	0.68723
0.37645	0.62355
0.22036	0.77964
0.32194	0.67806
0.36718	0.63282
0.31902	0.68098
0.32945	0.67055
0.27625	0.72375
0.29074	0.70926
0.24276	0.75724
0.29392	0.70608
0.27237	0.72763
0.2671	0.7329
0.37236	0.62764
0.29415	0.70585
0.3315	0.6685
0.31877	0.68123
0.24926	0.75074
0.20551	0.79449
0.22831	0.77169
0.3138	0.6862
0.28494	0.71506
0.33798	0.66202
0.281	0.719
0.23388	0.76612
0.30482	0.69518
0.35505	0.64495
0.31327	0.68673
0.2907	0.7093
0.27895	0.72105
0.36341	0.63659
0.34572	0.65428
0.27852	0.72148
0.23268	0.76732
0.25432	0.74568
0.31667	0.68333
0.24537	0.75463
0.28065	0.71935
0.29388	0.70612
0.26701	0.73299
0.26878	0.73122
0.28868	0.71132
0.27246	0.72754
0.23289	0.76711
0.33683	0.66317
0.25402	0.74598
0.35175	0.64825
0.28283	0.71717
0.28461	0.71539
0.36478	0.63522
0.31305	0.68695
0.27989	0.72011
0.25865	0.74135
0.27414	0.72586
0.32	0.68
0.34236	0.65764
0.3024	0.6976
0.27535	0.72465
0.31677	0.68323
0.33356	0.66644
0.39459	0.60541
0.42176	0.57824
0.53827	0.46173
0.54141	0.45859
0.5244	0.4756
0.43523	0.56477
0.3565	0.6435
0.27892	0.72108
0.37216	0.62784
0.28179	0.71821
0.34491	0.65509
0.34842	0.65158
0.30283	0.69717
0.29577	0.70423
0.3436	0.6564
0.20982	0.79018
0.30169	0.69831
0.30346	0.69654
0.31828	0.68172
0.25576	0.74424
0.22949	0.77051
0.16808	0.83192
0.32726	0.67274
0.3539	0.6461
0.27778	0.72222
0.41897	0.58103
0.26795	0.73205
0.23444	0.76556
0.29272	0.70728
0.30529	0.69471
0.33412	0.66588
0.30605	0.69395
0.26182	0.73818
0.22385	0.77615
0.27067	0.72933
0.23181	0.76819
0.33618	0.66382
0.29482	0.70518
0.20735	0.79265
0.31828	0.68172
0.25388	0.74612
0.36752	0.63248
0.30261	0.69739
0.31146	0.68854
0.26063	0.73937
0.32615	0.67385
0.47542	0.52458
0.52277	0.47723
0.51161	0.48839
0.41308	0.58692
0.58813	0.41187
0.6313	0.3687
0.5371	0.4629
0.51729	0.48271
0.5024	0.4976
0.44366	0.55634
0.54109	0.45891
0.43817	0.56183
0.49634	0.50366
0.44847	0.55153
0.43935	0.56065
0.51875	0.48125
0.47956	0.52044
0.48259	0.51741
0.46218	0.53782
0.59466	0.40534
0.54632	0.45368
0.46873	0.53127
0.59525	0.40475
0.48861	0.51139
0.4401	0.5599
0.30325	0.69675
0.31081	0.68919
0.28399	0.71601
0.33217	0.66783
0.17804	0.82196
0.30828	0.69172
0.35241	0.64759
0.29047	0.70953
0.32891	0.67109
0.27023	0.72977
0.30864	0.69136
0.2708	0.7292
0.35725	0.64275
0.3235	0.6765
0.3688	0.6312
0.29791	0.70209
0.29703	0.70297
0.31567	0.68433
0.37242	0.62758
0.18049	0.81951
0.21617	0.78383
0.36334	0.63666
0.39468	0.60532
0.28976	0.71024
0.36769	0.63231
0.40851	0.59149
0.30948	0.69052
0.27722	0.72278
0.27614	0.72386
0.28719	0.71281
0.33993	0.66007
0.29147	0.70853
0.40187	0.59813
0.28302	0.71698
0.26421	0.73579
0.32723	0.67277
0.31177	0.68823
0.32313	0.67687
0.19531	0.80469
0.2925	0.7075
0.20832	0.79168
0.30927	0.69073
0.33825	0.66175
0.35898	0.64102
0.33765	0.66235
0.3242	0.6758
0.33877	0.66123
0.29717	0.70283
0.29807	0.70193
0.35102	0.64898
0.35436	0.64564
0.27646	0.72354
0.21014	0.78986
0.18523	0.81477
0.21887	0.78113
0.25	0.75
0.32236	0.67764
0.26121	0.73879
0.29573	0.70427
0.31847	0.68153
0.23069	0.76931
0.25749	0.74251
0.26253	0.73747
0.25991	0.74009
0.27804	0.72196
0.33936	0.66064
0.27463	0.72537
0.33472	0.66528
0.31702	0.68298
0.30959	0.69041
0.34875	0.65125
0.40701	0.59299
0.37337	0.62663
0.2208	0.7792
0.3265	0.6735
0.23766	0.76234
0.19946	0.80054
0.23946	0.76054
0.1909	0.8091
0.24344	0.75656
0.36771	0.63229
0.27618	0.72382
0.43404	0.56596
0.5841	0.4159
0.46248	0.53752
0.48839	0.51161
0.55345	0.44655
0.50362	0.49638
0.51723	0.48277
0.57242	0.42758
0.47644	0.52356
0.46832	0.53168
0.58874	0.41126
0.56612	0.43388
0.45277	0.54723
0.53904	0.46096
0.5347	0.4653
0.56215	0.43785
0.48813	0.51187
0.49161	0.50839
0.64217	0.35783
0.57349	0.42651
0.4995	0.5005
0.48547	0.51453
0.47802	0.52198
0.49863	0.50137
0.43864	0.56136
0.43115	0.56885
0.53176	0.46824
0.42881	0.57119
0.43862	0.56138
0.53504	0.46496
0.46659	0.53341
0.54256	0.45744
0.51725	0.48275
0.40362	0.59638
0.53663	0.46337
0.29767	0.70233
0.31954	0.68046
0.3502	0.6498
0.2927	0.7073
0.28602	0.71398
0.26083	0.73917
0.30804	0.69196
0.22585	0.77415
0.2575	0.7425
0.24654	0.75346
0.30842	0.69158
0.3758	0.6242
0.40788	0.59212
0.21221	0.78779
0.31734	0.68266
0.26729	0.73271
0.24593	0.75407
0.30517	0.69483
0.27641	0.72359
0.30256	0.69744
0.33843	0.66157
0.25323	0.74677
0.29236	0.70764
0.36534	0.63466
0.54391	0.45609
0.56181	0.43819
0.58396	0.41604
0.47578	0.52422
0.49447	0.50553
0.46082	0.53918
0.45056	0.54944
0.51031	0.48969
0.44672	0.55328
0.48598	0.51402
0.47397	0.52603
0.50036	0.49964
0.53881	0.46119
0.35648	0.64352
0.53312	0.46688
0.5387	0.4613
0.47744	0.52256
0.57739	0.42261
0.42152	0.57848
0.48402	0.51598
0.46845	0.53155
0.54346	0.45654
0.47016	0.52984
0.3956	0.6044
0.46392	0.53608
0.55346	0.44654
0.54379	0.45621
0.54461	0.45539
0.45533	0.54467
0.51981	0.48019
0.45747	0.54253
0.51071	0.48929
0.63379	0.36621
0.468	0.532
0.57882	0.42118
0.54858	0.45142
0.45682	0.54318
0.42319	0.57681
0.56108	0.43892
0.46386	0.53614
0.52271	0.47729
0.53693	0.46307
0.50169	0.49831
0.49511	0.50489
0.50942	0.49058
0.48027	0.51973
0.52171	0.47829
0.59391	0.40609
0.57781	0.42219
0.51275	0.48725
0.21498	0.78502
0.28084	0.71916
0.34944	0.65056
0.21272	0.78728
0.31954	0.68046
0.2324	0.7676
0.31095	0.68905
0.27749	0.72251
0.28607	0.71393
0.21981	0.78019
0.25445	0.74555
0.29035	0.70965
0.46403	0.53597
0.53762	0.46238
0.50849	0.49151
0.51555	0.48445
0.52501	0.47499
0.47905	0.52095
0.5104	0.4896
0.44515	0.55485
0.47725	0.52275
0.48185	0.51815
0.55974	0.44026
0.4622	0.5378
0.45458	0.54542
0.54937	0.45063
0.48803	0.51197
0.54168	0.45832
0.50744	0.49256
0.35309	0.64691
0.30358	0.69642
0.29043	0.70957
0.26794	0.73206
0.36643	0.63357
0.29028	0.70972
0.26121	0.73879
0.26207	0.73793
0.29622	0.70378
0.34645	0.65355
0.27877	0.72123
0.34358	0.65642
0.31133	0.68867
0.27183	0.72817
0.25914	0.74086
0.30887	0.69113
0.29483	0.70517
0.25475	0.74525
0.26028	0.73972
0.32696	0.67304
0.32608	0.67392
0.28443	0.71557
0.34131	0.65869
0.2825	0.7175
0.29422	0.70578
0.36174	0.63826
0.273	0.727
0.19785	0.80215
0.23556	0.76444
0.31454	0.68546
0.28921	0.71079
0.43757	0.56243
0.22925	0.77075
0.28781	0.71219
0.30201	0.69799
0.23131	0.76869
0.35396	0.64604
0.3372	0.6628
0.37714	0.62286
0.33438	0.66562
0.12249	0.87751
0.25165	0.74835
0.31559	0.68441
0.25925	0.74075
0.31417	0.68583
0.29669	0.70331
0.27263	0.72737
0.3034	0.6966
0.32565	0.67435
0.35715	0.64285
0.2553	0.7447
0.27141	0.72859
0.26397	0.73603
0.34239	0.65761
0.37863	0.62137
0.35279	0.64721
0.36705	0.63295
0.31246	0.68754
0.25991	0.74009
0.47522	0.52478
0.51126	0.48874
0.54641	0.45359
0.48005	0.51995
0.55757	0.44243
0.47518	0.52482
0.53257	0.46743
0.568	0.432
0.55831	0.44169
0.49998	0.50002
0.47131	0.52869
0.50695	0.49305
0.52316	0.47684
0.41843	0.58157
0.33399	0.66601
0.38632	0.61368
0.3253	0.6747
0.34646	0.65354
0.22283	0.77717
0.32855	0.67145
0.2923	0.7077
0.32767	0.67233
0.36384	0.63616
0.26803	0.73197
0.3753	0.6247
0.40233	0.59767
0.50751	0.49249
0.55326	0.44674
0.56297	0.43703
0.42997	0.57003
0.51635	0.48365
0.4253	0.5747
0.55833	0.44167
0.44145	0.55855
0.54447	0.45553
0.59997	0.40003
0.54427	0.45573
0.45966	0.54034
0.60082	0.39918
0.55374	0.44626
0.50135	0.49865
0.4716	0.5284
0.47195	0.52805
0.51435	0.48565
0.42127	0.57873
0.25283	0.74717
0.30204	0.69796
0.31535	0.68465
0.35334	0.64666
0.28384	0.71616
0.25321	0.74679
0.37083	0.62917
0.31813	0.68187
0.20432	0.79568
0.316	0.684
0.21497	0.78503
0.33955	0.66045
0.36936	0.63064
0.29086	0.70914
0.25458	0.74542
0.36135	0.63865
0.27446	0.72554
0.25908	0.74092
0.23691	0.76309
0.22662	0.77338
0.31379	0.68621
0.28341	0.71659
0.33942	0.66058
0.29717	0.70283
0.28952	0.71048
0.21393	0.78607
0.26123	0.73877
0.30522	0.69478
0.27859	0.72141
0.36375	0.63625
0.20843	0.79157
0.44399	0.55601
0.40911	0.59089
0.29094	0.70906
0.30573	0.69427
0.26388	0.73612
0.3056	0.6944
0.38306	0.61694
0.24748	0.75252
0.28246	0.71754
0.22905	0.77095
0.3364	0.6636
0.2397	0.7603
0.25709	0.74291
0.37115	0.62885
0.34117	0.65883
0.2622	0.7378
0.35083	0.64917
0.26705	0.73295
0.3053	0.6947
0.39172	0.60828
0.41286	0.58714
0.27784	0.72216
0.2985	0.7015
0.35195	0.64805
0.33038	0.66962
0.28835	0.71165
0.28953	0.71047
0.2608	0.7392
0.1864	0.8136
0.29217	0.70783
0.24011	0.75989
0.48091	0.51909
0.58133	0.41867
0.5257	0.4743
0.47372	0.52628
0.47701	0.52299
0.61978	0.38022
0.43953	0.56047
0.46547	0.53453
0.55456	0.44544
0.49171	0.50829
0.4972	0.5028
0.2886	0.7114
0.42341	0.57659
0.30169	0.69831
0.37548	0.62452
0.24446	0.75554
0.36378	0.63622
0.21632	0.78368
0.286	0.714
0.31454	0.68546
0.33101	0.66899
0.29379	0.70621
0.24589	0.75411
0.23912	0.76088
0.26389	0.73611
0.24904	0.75096
0.27105	0.72895
0.25247	0.74753
0.3621	0.6379
0.3135	0.6865
0.31417	0.68583
0.25805	0.74195
0.31384	0.68616
0.31615	0.68385
0.2532	0.7468
0.24054	0.75946
0.20325	0.79675
0.34364	0.65636
0.24939	0.75061
0.30234	0.69766
0.30416	0.69584
0.30456	0.69544
0.26809	0.73191
0.28868	0.71132
0.28465	0.71535
0.36748	0.63252
0.24219	0.75781
0.2897	0.7103
0.35332	0.64668
0.32105	0.67895
0.24559	0.75441
0.33966	0.66034
0.16491	0.83509
0.27537	0.72463
0.37839	0.62161
0.32492	0.67508
0.33958	0.66042
0.29535	0.70465
0.28099	0.71901
0.3348	0.6652
0.41585	0.58415
0.28658	0.71342
0.37185	0.62815
0.27303	0.72697
0.2785	0.7215
0.33254	0.66746
0.2549	0.7451
0.34711	0.65289
0.21584	0.78416
0.17896	0.82104
0.36334	0.63666
0.56157	0.43843
0.4496	0.5504
0.45057	0.54943
0.4306	0.5694
0.41346	0.58654
0.50373	0.49627
0.45974	0.54026
0.61229	0.38771
0.39517	0.60483
0.53091	0.46909
0.52027	0.47973
0.53871	0.46129
0.49344	0.50656
0.50457	0.49543
0.48396	0.51604
0.47229	0.52771
0.51748	0.48252
0.46623	0.53377
0.4867	0.5133
0.51679	0.48321
0.5407	0.4593
0.493	0.507
0.46397	0.53603
0.52179	0.47821
0.49305	0.50695
0.47357	0.52643
0.45396	0.54604
0.43793	0.56207
0.45994	0.54006
0.33822	0.66178
0.29205	0.70795
0.31644	0.68356
0.36377	0.63623
0.30598	0.69402
0.34772	0.65228
0.31203	0.68797
0.33397	0.66603
0.25156	0.74844
0.29618	0.70382
0.27011	0.72989
0.28815	0.71185
0.41483	0.58517
0.22979	0.77021
0.30171	0.69829
0.28395	0.71605
0.31897	0.68103
0.38963	0.61037
0.34562	0.65438
0.26715	0.73285
0.22831	0.77169
0.3424	0.6576
0.25039	0.74961
0.26424	0.73576
0.32327	0.67673
0.22388	0.77612
0.37781	0.62219
0.30514	0.69486
0.2883	0.7117
0.34039	0.65961
0.34031	0.65969
0.28754	0.71246
0.35512	0.64488
0.31837	0.68163
0.355	0.645
0.31317	0.68683
0.29045	0.70955
0.38744	0.61256
0.26084	0.73916
0.33165	0.66835
0.40112	0.59888
0.27933	0.72067
0.33173	0.66827
0.31598	0.68402
0.28259	0.71741
0.29982	0.70018
0.33089	0.66911
0.41642	0.58358
0.34432	0.65568
0.2878	0.7122
0.20134	0.79866
0.31245	0.68755
0.31305	0.68695
0.26043	0.73957
0.35047	0.64953
0.31954	0.68046
0.32935	0.67065
0.27569	0.72431
0.26581	0.73419
0.27663	0.72337
0.24447	0.75553
0.27387	0.72613
0.33634	0.66366
0.18723	0.81277
0.2114	0.7886
0.30133	0.69867
0.31642	0.68358
0.25256	0.74744
0.32682	0.67318
0.36295	0.63705
0.33419	0.66581
0.22183	0.77817
0.26347	0.73653
0.25731	0.74269
0.28306	0.71694
0.26644	0.73356
0.25792	0.74208
0.3955	0.6045
0.28335	0.71665
0.29238	0.70762
0.31432	0.68568
0.31961	0.68039
0.46616	0.53384
0.47893	0.52107
0.561	0.439
0.45319	0.54681
0.51084	0.48916
0.51923	0.48077
0.47397	0.52603
0.4301	0.5699
0.57352	0.42648
0.5409	0.4591
0.53462	0.46538
0.46799	0.53201
0.56571	0.43429
0.51785	0.48215
0.44339	0.55661
0.45737	0.54263
0.55028	0.44972
0.39856	0.60144
0.47642	0.52358
0.55371	0.44629
0.47336	0.52664
0.42453	0.57547
0.47568	0.52432
0.53151	0.46849
0.52027	0.47973
0.4859	0.5141
0.47999	0.52001
0.61509	0.38491
0.5351	0.4649
0.4579	0.5421
0.49079	0.50921
0.51791	0.48209
0.39736	0.60264
0.49041	0.50959
0.47162	0.52838
0.33848	0.66152
0.21339	0.78661
0.24292	0.75708
0.32349	0.67651
0.31757	0.68243
0.24195	0.75805
0.35628	0.64372
0.29666	0.70334
0.30708	0.69292
0.30546	0.69454
0.2725	0.7275
0.20844	0.79156
0.29346	0.70654
0.22175	0.77825
0.29177	0.70823
0.31037	0.68963
0.3099	0.6901
0.23069	0.76931
0.31833	0.68167
0.23948	0.76052
0.31258	0.68742
0.33016	0.66984
0.37992	0.62008
0.19746	0.80254
0.34146	0.65854
0.29189	0.70811
0.29623	0.70377
0.27188	0.72812
0.31171	0.68829
0.28707	0.71293
0.26906	0.73094
0.27307	0.72693
0.33081	0.66919
0.32458	0.67542
0.35503	0.64497
0.31815	0.68185
0.29271	0.70729
0.24308	0.75692
0.31574	0.68426
0.28467	0.71533
0.31108	0.68892
0.32099	0.67901
0.50352	0.49648
0.29027	0.70973
0.34373	0.65627
0.27536	0.72464
0.27589	0.72411
0.28704	0.71296
0.31063	0.68937
0.40185	0.59815
0.25636	0.74364
0.367	0.633
0.28923	0.71077
0.34489	0.65511
0.30299	0.69701
0.27329	0.72671
0.28704	0.71296
0.34794	0.65206
0.36334	0.63666
0.34805	0.65195
0.27181	0.72819
0.23556	0.76444
0.32004	0.67996
0.3264	0.6736
0.17437	0.82563
0.30121	0.69879
0.40478	0.59522
0.29058	0.70942
0.26779	0.73221
0.24961	0.75039
0.20945	0.79055
0.27553	0.72447
0.31507	0.68493
0.2508	0.7492
0.31267	0.68733
0.3394	0.6606
0.27034	0.72966
0.32461	0.67539
0.32827	0.67173
0.29786	0.70214
0.39782	0.60218
0.23639	0.76361
0.31375	0.68625
0.25366	0.74634
0.26391	0.73609
0.32205	0.67795
0.35464	0.64536
0.30851	0.69149
0.36524	0.63476
0.25349	0.74651
0.31691	0.68309
0.27346	0.72654
0.26213	0.73787
0.16842	0.83158
0.33801	0.66199
0.39374	0.60626
0.32498	0.67502
0.36882	0.63118
0.30295	0.69705
0.23848	0.76152
0.25638	0.74362
0.25987	0.74013
0.35512	0.64488
0.27598	0.72402
0.30457	0.69543
0.23334	0.76666
0.29085	0.70915
0.21871	0.78129
0.26488	0.73512
0.33797	0.66203
0.38548	0.61452
0.32427	0.67573
0.30486	0.69514
0.35366	0.64634
0.3364	0.6636
0.17756	0.82244
0.21042	0.78958
0.25833	0.74167
0.25632	0.74368
0.21999	0.78001
0.26609	0.73391
0.25344	0.74656
0.35501	0.64499
0.2695	0.7305
0.2362	0.7638
0.27919	0.72081
0.26575	0.73425
0.37067	0.62933
0.38455	0.61545
0.31311	0.68689
0.28844	0.71156
0.22572	0.77428
0.32902	0.67098
0.2818	0.7182
0.27	0.73
0.25741	0.74259
0.33969	0.66031
0.29455	0.70545
0.22236	0.77764
0.40854	0.59146
0.28292	0.71708
0.31355	0.68645
0.31774	0.68226
0.23467	0.76533
0.36106	0.63894
0.31256	0.68744
0.30718	0.69282
0.36753	0.63247
0.30795	0.69205
0.21389	0.78611
0.2992	0.7008
0.35835	0.64165
0.36063	0.63937
0.31323	0.68677
0.21533	0.78467
0.35482	0.64518
0.29713	0.70287
0.30959	0.69041
0.36406	0.63594
0.32014	0.67986
0.11389	0.88611
0.21681	0.78319
0.2586	0.7414
0.23544	0.76456
0.30767	0.69233
0.3076	0.6924
0.26534	0.73466
0.35847	0.64153
0.2606	0.7394
0.28272	0.71728
0.26663	0.73337
0.25518	0.74482
0.30273	0.69727
0.23029	0.76971
0.28439	0.71561
0.34152	0.65848
0.34069	0.65931
0.2027	0.7973
0.32034	0.67966
0.2771	0.7229
0.32253	0.67747
0.30861	0.69139
0.2842	0.7158
0.29933	0.70067
0.3304	0.6696
0.3363	0.6637
0.26252	0.73748
0.23363	0.76637
0.27905	0.72095
0.351	0.649
0.31714	0.68286
0.3197	0.6803
0.27787	0.72213
0.26172	0.73828
0.40385	0.59615
0.29474	0.70526
0.29834	0.70166
0.28632	0.71368
0.30349	0.69651
0.28402	0.71598
0.24779	0.75221
0.32465	0.67535
0.37199	0.62801
0.30924	0.69076
0.26279	0.73721
0.30282	0.69718
0.35102	0.64898
0.38916	0.61084
0.22974	0.77026
0.3057	0.6943
0.27834	0.72166
0.32723	0.67277
0.30845	0.69155
0.27057	0.72943
0.20964	0.79036
0.23929	0.76071
0.26968	0.73032
0.28631	0.71369
0.35879	0.64121
0.27027	0.72973
0.3186	0.6814
0.34529	0.65471
0.31158	0.68842
0.30424	0.69576
0.26947	0.73053
0.34207	0.65793
0.38143	0.61857
0.32378	0.67622
0.31537	0.68463
0.31177	0.68823
0.3517	0.6483
0.28346	0.71654
0.27439	0.72561
0.32659	0.67341
0.28468	0.71532
0.34459	0.65541
0.22681	0.77319
0.36632	0.63368
0.47448	0.52552
0.48264	0.51736
0.62527	0.37473
0.53332	0.46668
0.51094	0.48906
0.55641	0.44359
0.54917	0.45083
0.52083	0.47917
0.48084	0.51916
0.40484	0.59516
0.57334	0.42666
0.43991	0.56009
0.40926	0.59074
0.48275	0.51725
0.38271	0.61729
0.41225	0.58775
0.40686	0.59314
0.51336	0.48664
0.31873	0.68127
0.26347	0.73653
0.31193	0.68807
0.27661	0.72339
0.33568	0.66432
0.22913	0.77087
0.24664	0.75336
0.38162	0.61838
0.25123	0.74877
0.26508	0.73492
0.30312	0.69688
0.26006	0.73994
0.30734	0.69266
0.3588	0.6412
0.30343	0.69657
0.38631	0.61369
0.22751	0.77249
0.28577	0.71423
0.2563	0.7437
0.31843	0.68157
0.23692	0.76308
0.21202	0.78798
0.28032	0.71968
0.20925	0.79075
0.25509	0.74491
0.27263	0.72737
0.21648	0.78352
0.3282	0.6718
0.31528	0.68472
0.26864	0.73136
0.23038	0.76962
0.28624	0.71376
0.29161	0.70839
0.19135	0.80865
0.36537	0.63463
0.32178	0.67822
0.21232	0.78768
0.3989	0.6011
0.29232	0.70768
0.22633	0.77367
0.2537	0.7463
0.31314	0.68686
0.22801	0.77199
0.27632	0.72368
0.29492	0.70508
0.27875	0.72125
0.31018	0.68982
0.2644	0.7356
0.28747	0.71253
0.30954	0.69046
0.189	0.811
0.20409	0.79591
0.24665	0.75335
0.30399	0.69601
0.31014	0.68986
0.26344	0.73656
0.36562	0.63438
0.35665	0.64335
0.29114	0.70886
0.46628	0.53372
0.28173	0.71827
0.34917	0.65083
0.29685	0.70315
0.21376	0.78624
0.39399	0.60601
0.24682	0.75318
0.31855	0.68145
0.46469	0.53531
0.5014	0.4986
0.51082	0.48918
0.46687	0.53313
0.45336	0.54664
0.62297	0.37703
0.47796	0.52204
0.30369	0.69631
0.39604	0.60396
0.33214	0.66786
0.31855	0.68145
0.29273	0.70727
0.31226	0.68774
0.39451	0.60549
0.27695	0.72305
0.28892	0.71108
0.27722	0.72278
0.2794	0.7206
0.29138	0.70862
0.33094	0.66906
0.30441	0.69559
0.26196	0.73804
0.3826	0.6174
0.25652	0.74348
0.28348	0.71652
0.304	0.696
0.21589	0.78411
0.24955	0.75045
0.23532	0.76468
0.16679	0.83321
0.40665	0.59335
0.26348	0.73652
0.342	0.658
0.30086	0.69914
0.25029	0.74971
0.29798	0.70202
0.32024	0.67976
0.24286	0.75714
0.35991	0.64009
0.35984	0.64016
0.29513	0.70487
0.33072	0.66928
0.23907	0.76093
0.32859	0.67141
0.29358	0.70642
0.38043	0.61957
0.25215	0.74785
0.40058	0.59942
0.301	0.699
0.32228	0.67772
0.37248	0.62752
0.35515	0.64485
0.25621	0.74379
0.25424	0.74576
0.25426	0.74574
0.35374	0.64626
0.29322	0.70678
0.27776	0.72224
0.30413	0.69587
0.35179	0.64821
0.29206	0.70794
0.31546	0.68454
0.18423	0.81577
0.26662	0.73338
0.24667	0.75333
0.26804	0.73196
0.2619	0.7381
0.27889	0.72111
0.27543	0.72457
0.33289	0.66711
0.3718	0.6282
0.22325	0.77675
0.38764	0.61236
0.36415	0.63585
0.30468	0.69532
0.379	0.621
0.31224	0.68776
0.24899	0.75101
0.35639	0.64361
0.41162	0.58838
0.26129	0.73871
0.24993	0.75007
0.35692	0.64308
0.2988	0.7012
0.23181	0.76819
0.36182	0.63818
0.2923	0.7077
0.26024	0.73976
0.27092	0.72908
0.27512	0.72488
0.34687	0.65313
0.24221	0.75779
0.32346	0.67654
0.35022	0.64978
0.25701	0.74299
0.31672	0.68328
0.21733	0.78267
0.33484	0.66516
0.24389	0.75611
0.34032	0.65968
0.32168	0.67832
0.27943	0.72057
0.22601	0.77399
0.36658	0.63342
0.30764	0.69236
0.38386	0.61614
0.30043	0.69957
0.21108	0.78892
0.3845	0.6155
0.28543	0.71457
0.34622	0.65378
0.26389	0.73611
0.33059	0.66941
0.45087	0.54913
0.53419	0.46581
0.56748	0.43252
0.51523	0.48477
0.49916	0.50084
0.4841	0.5159
0.38247	0.61753
0.48542	0.51458
0.52071	0.47929
0.43723	0.56277
0.50326	0.49674
0.51945	0.48055
0.49792	0.50208
0.45618	0.54382
0.5306	0.4694
0.43156	0.56844
0.54681	0.45319
0.53985	0.46015
0.48191	0.51809
0.37907	0.62093
0.51839	0.48161
0.57538	0.42462
0.45796	0.54204
0.46201	0.53799
0.34175	0.65825
0.35065	0.64935
0.32495	0.67505
0.29796	0.70204
0.30722	0.69278
0.31512	0.68488
0.26308	0.73692
0.32752	0.67248
0.24678	0.75322
0.20473	0.79527
0.30833	0.69167
0.30989	0.69011
0.31104	0.68896
0.38864	0.61136
0.36164	0.63836
0.39319	0.60681
0.31102	0.68898
0.34543	0.65457
0.27044	0.72956
0.28845	0.71155
0.21261	0.78739
0.30349	0.69651
0.34635	0.65365
0.24709	0.75291
0.28888	0.71112
0.2638	0.7362
0.25958	0.74042
0.34512	0.65488
0.30336	0.69664
0.33698	0.66302
0.31984	0.68016
0.34679	0.65321
0.18714	0.81286
0.39734	0.60266
0.58204	0.41796
0.52329	0.47671
0.40799	0.59201
0.55036	0.44964
0.54701	0.45299
0.49292	0.50708
0.4219	0.5781
0.45711	0.54289
0.56089	0.43911
0.427	0.573
0.46189	0.53811
0.54307	0.45693
0.45662	0.54338
0.56644	0.43356
0.50276	0.49724
0.61948	0.38052
0.50867	0.49133
0.54549	0.45451
0.51355	0.48645
0.53152	0.46848
0.51648	0.48352
0.51542	0.48458
0.53762	0.46238
0.49054	0.50946
0.50019	0.49981
0.52685	0.47315
0.37334	0.62666
0.24889	0.75111
0.29141	0.70859
0.3174	0.6826
0.35742	0.64258
0.26802	0.73198
0.26975	0.73025
0.28574	0.71426
0.33476	0.66524
0.30532	0.69468
0.35629	0.64371
0.2614	0.7386
0.32056	0.67944
0.31936	0.68064
0.2178	0.7822
0.31482	0.68518
0.38698	0.61302
0.24011	0.75989
0.26815	0.73185
0.24916	0.75084
0.35645	0.64355
0.27217	0.72783
0.33757	0.66243
0.21776	0.78224
0.20887	0.79113
0.34987	0.65013
0.32967	0.67033
0.314	0.686
0.34835	0.65165
0.30338	0.69662
0.307	0.693
0.25626	0.74374
0.30048	0.69952
0.24498	0.75502
0.25547	0.74453
0.27614	0.72386
0.30694	0.69306
0.38014	0.61986
0.31888	0.68112
0.32031	0.67969
0.32716	0.67284
0.36018	0.63982
0.32902	0.67098
0.30318	0.69682
0.27835	0.72165
0.32986	0.67014
0.21582	0.78418
0.30209	0.69791
0.34716	0.65284
0.2886	0.7114
0.32884	0.67116
0.30862	0.69138
0.32925	0.67075
0.27533	0.72467
0.38356	0.61644
0.31983	0.68017
0.30705	0.69295
0.24047	0.75953
0.29034	0.70966
0.22772	0.77228
0.28557	0.71443
0.23854	0.76146
0.2968	0.7032
0.30761	0.69239
0.27577	0.72423
0.38164	0.61836
0.36844	0.63156
0.3707	0.6293
0.32954	0.67046
0.339	0.661
0.26714	0.73286
0.30659	0.69341
0.24388	0.75612
0.31199	0.68801
0.35711	0.64289
0.24496	0.75504
0.28956	0.71044
0.2267	0.7733
0.33031	0.66969
0.36154	0.63846
0.35717	0.64283
0.24872	0.75128
0.26455	0.73545
0.29489	0.70511
0.28024	0.71976
0.27362	0.72638
0.17377	0.82623
0.33183	0.66817
0.28828	0.71172
0.33467	0.66533
0.31323	0.68677
0.15107	0.84893
0.28493	0.71507
0.3393	0.6607
0.35226	0.64774
0.28414	0.71586
0.32603	0.67397
0.3119	0.6881
0.34609	0.65391
0.39818	0.60182
0.25443	0.74557
0.405	0.595
0.31072	0.68928
0.26005	0.73995
0.25948	0.74052
0.30589	0.69411
0.3069	0.6931
0.32055	0.67945
0.34135	0.65865
0.31808	0.68192
0.24877	0.75123
0.26549	0.73451
0.26206	0.73794
0.27048	0.72952
0.31776	0.68224
0.31704	0.68296
0.28862	0.71138
0.25006	0.74994
0.28371	0.71629
0.32985	0.67015
0.29352	0.70648
0.37202	0.62798
0.25908	0.74092
0.31471	0.68529
0.35757	0.64243
0.25699	0.74301
0.2972	0.7028
0.23926	0.76074
0.25344	0.74656
0.22764	0.77236
0.25326	0.74674
0.31838	0.68162
0.28799	0.71201
0.32915	0.67085
0.35139	0.64861
0.31813	0.68187
0.33877	0.66123
0.33775	0.66225
0.41787	0.58213
0.33786	0.66214
0.2254	0.7746
0.31479	0.68521
0.33337	0.66663
0.34713	0.65287
0.34086	0.65914
0.2754	0.7246
0.30138	0.69862
0.31726	0.68274
0.31079	0.68921
0.40145	0.59855
0.21977	0.78023
0.34278	0.65722
0.35932	0.64068
0.27047	0.72953
0.32478	0.67522
0.29555	0.70445
0.24833	0.75167
0.30503	0.69497
0.38341	0.61659
0.28004	0.71996
0.33138	0.66862
0.24393	0.75607
0.25392	0.74608
0.23805	0.76195
0.22827	0.77173
0.25287	0.74713
0.25502	0.74498
0.2779	0.7221
0.21782	0.78218
0.27466	0.72534
0.26125	0.73875
0.26031	0.73969
0.28416	0.71584
0.35859	0.64141
0.29976	0.70024
0.32105	0.67895
0.40665	0.59335
0.50669	0.49331
0.53563	0.46437
0.51991	0.48009
0.53784	0.46216
0.52552	0.47448
0.50318	0.49682
0.39011	0.60989
0.37927	0.62073
0.33423	0.66577
0.30647	0.69353
0.3543	0.6457
0.41149	0.58851
0.27415	0.72585
0.34242	0.65758
0.2593	0.7407
0.23758	0.76242
0.26613	0.73387
0.29631	0.70369
0.20191	0.79809
0.22007	0.77993
0.29715	0.70285
0.33003	0.66997
0.33927	0.66073
0.32187	0.67813
0.29101	0.70899
0.3265	0.6735
0.42464	0.57536
0.39884	0.60116
0.29703	0.70297
0.37072	0.62928
0.26897	0.73103
0.31754	0.68246
0.30722	0.69278
0.41491	0.58509
0.51317	0.48683
0.52733	0.47267
0.53609	0.46391
0.44752	0.55248
0.48286	0.51714
0.50567	0.49433
0.48592	0.51408
0.51718	0.48282
0.44096	0.55904
0.41842	0.58158
0.56545	0.43455
0.42676	0.57324
0.49206	0.50794
0.45749	0.54251
0.44479	0.55521
0.27274	0.72726
0.33816	0.66184
0.23925	0.76075
0.33121	0.66879
0.30843	0.69157
0.31644	0.68356
0.24857	0.75143
0.28032	0.71968
0.22279	0.77721
0.26331	0.73669
0.25151	0.74849
0.28252	0.71748
0.30846	0.69154
0.3424	0.6576
0.24655	0.75345
0.31468	0.68532
0.35432	0.64568
0.34807	0.65193
0.22028	0.77972
0.3366	0.6634
0.29156	0.70844
0.36907	0.63093
0.34647	0.65353
0.28256	0.71744
0.31347	0.68653
0.32554	0.67446
0.17694	0.82306
0.2693	0.7307
0.28023	0.71977
0.24276	0.75724
0.40435	0.59565
0.57178	0.42822
0.44711	0.55289
0.49622	0.50378
0.52514	0.47486
0.48481	0.51519
0.55425	0.44575
0.50546	0.49454
0.58986	0.41014
0.5047	0.4953
0.46233	0.53767
0.495	0.505
0.4431	0.5569
0.46057	0.53943
0.52699	0.47301
0.44684	0.55316
0.40253	0.59747
0.4277	0.5723
0.50735	0.49265
0.55882	0.44118
0.47224	0.52776
0.47238	0.52762
0.54123	0.45877
0.50002	0.49998
0.44124	0.55876
0.47188	0.52812
0.41147	0.58853
0.46404	0.53596
0.54733	0.45267
0.54148	0.45852
0.18838	0.81162
0.342	0.658
0.26931	0.73069
0.35861	0.64139
0.25209	0.74791
0.34766	0.65234
0.33517	0.66483
0.32799	0.67201
0.2481	0.7519
0.29108	0.70892
0.2765	0.7235
0.25201	0.74799
0.27775	0.72225
0.21894	0.78106
0.29213	0.70787
0.29013	0.70987
0.25843	0.74157
0.33187	0.66813
0.24757	0.75243
0.28759	0.71241
0.32625	0.67375
0.31066	0.68934
0.18013	0.81987
0.42575	0.57425
0.5117	0.4883
0.39933	0.60067
0.44219	0.55781
0.44677	0.55323
0.5005	0.4995
0.43183	0.56817
0.53087	0.46913
0.51857	0.48143
0.47538	0.52462
0.44884	0.55116
0.45863	0.54137
0.45996	0.54004
0.47912	0.52088
0.49458	0.50542
0.56107	0.43893
0.54997	0.45003
0.51338	0.48662
0.42436	0.57564
0.45004	0.54996
0.47292	0.52708
0.51689	0.48311
0.26138	0.73862
0.27969	0.72031
0.27233	0.72767
0.23235	0.76765
0.29784	0.70216
0.29162	0.70838
0.36398	0.63602
0.30561	0.69439
0.33527	0.66473
0.29348	0.70652
0.20873	0.79127
0.46768	0.53232
0.58372	0.41628
0.51644	0.48356
0.54765	0.45235
0.55827	0.44173
0.52834	0.47166
0.44124	0.55876
0.49098	0.50902
0.5046	0.4954
0.49872	0.50128
0.49936	0.50064
0.53013	0.46987
0.4313	0.5687
0.42083	0.57917
0.52495	0.47505
0.47997	0.52003
0.59883	0.40117
0.42434	0.57566
0.43522	0.56478
0.49566	0.50434
0.42579	0.57421
0.52714	0.47286
0.46801	0.53199
0.49357	0.50643
0.43548	0.56452
0.57834	0.42166
0.52576	0.47424
0.29871	0.70129
0.22634	0.77366
0.26243	0.73757
0.27831	0.72169
0.32882	0.67118
0.25828	0.74172
0.26856	0.73144
0.31279	0.68721
0.2719	0.7281
0.23858	0.76142
0.2723	0.7277
0.26599	0.73401
0.33456	0.66544
0.3111	0.6889
0.3273	0.6727
0.27701	0.72299
0.40584	0.59416
0.30546	0.69454
0.25401	0.74599
0.39978	0.60022
0.33854	0.66146
0.50224	0.49776
0.47653	0.52347
0.52693	0.47307
0.44369	0.55631
0.55307	0.44693
0.23382	0.76618
0.30493	0.69507
0.27967	0.72033
0.23241	0.76759
0.27651	0.72349
0.2186	0.7814
0.33412	0.66588
0.39719	0.60281
0.33701	0.66299
0.28384	0.71616
0.36798	0.63202
0.31455	0.68545
0.18905	0.81095
0.29277	0.70723
0.30394	0.69606
0.32811	0.67189
0.29179	0.70821
0.35869	0.64131
0.23358	0.76642
0.42296	0.57704
0.36761	0.63239
0.36473	0.63527
0.56105	0.43895
0.51737	0.48263
0.52179	0.47821
0.41995	0.58005
0.258	0.742
0.28766	0.71234
0.3144	0.6856
0.25637	0.74363
0.25346	0.74654
0.56051	0.43949
0.52409	0.47591
0.60011	0.39989
0.56869	0.43131
0.50186	0.49814
0.50641	0.49359
0.49325	0.50675
0.54534	0.45466
0.57729	0.42271
0.54402	0.45598
0.46143	0.53857
0.55014	0.44986
0.55128	0.44872
0.45522	0.54478
0.56846	0.43154
0.46703	0.53297
0.57989	0.42011
0.49388	0.50612
0.48392	0.51608
0.42413	0.57587
0.40353	0.59647
0.53093	0.46907
0.36828	0.63172
0.30381	0.69619
0.34928	0.65072
0.34629	0.65371
0.40657	0.59343
0.28371	0.71629
0.28885	0.71115
0.16328	0.83672
0.28457	0.71543
0.30731	0.69269
0.30189	0.69811
0.26762	0.73238
0.23563	0.76437
0.27945	0.72055
0.41003	0.58997
0.25355	0.74645
0.30013	0.69987
0.24212	0.75788
0.35823	0.64177
0.33932	0.66068
0.30802	0.69198
0.29762	0.70238
0.37394	0.62606
0.32889	0.67111
0.29982	0.70018
0.30683	0.69317
0.37695	0.62305
0.32474	0.67526
0.31344	0.68656
0.32843	0.67157
0.29507	0.70493
0.25064	0.74936
0.31838	0.68162
0.21889	0.78111
0.26529	0.73471
0.3529	0.6471
0.26527	0.73473
0.31351	0.68649
0.28924	0.71076
0.31387	0.68613
0.32118	0.67882
0.27495	0.72505
0.19377	0.80623
